0 -1 Cyclist 0 2 2.067586 505.904313 138.198030 535.341152 183.041223 1.841708 0.508194 1.607527 -3.570178 0.096495 29.949718 1.952429 1.0
1 -1 Cyclist 0 2 2.097029 503.277826 138.292603 533.673492 183.340301 1.841708 0.508194 1.607527 -3.644252 0.108250 29.811478 1.978913 1.0
2 -1 Cyclist 0 1 2.126497 500.639941 138.388835 531.978950 183.641703 1.841708 0.508194 1.607527 -3.718326 0.120005 29.673239 2.005397 1.0
3 -1 Cyclist 0 1 2.155990 497.990883 138.486736 530.256791 183.945442 1.841708 0.508194 1.607527 -3.792400 0.131760 29.535000 2.031882 1.0
4 -1 Cyclist 0 1 2.185858 495.056623 137.958661 528.255933 183.647878 1.841708 0.508194 1.607527 -3.875835 0.118866 29.385024 2.058366 1.0
5 -1 FilteredCyclist 0 2 2.215758 492.106866 137.425919 526.221777 183.347297 1.841708 0.508194 1.607527 -3.959269 0.105972 29.235047 2.084851 1.0
6 -1 FilteredCyclist 0 2 2.212330 488.970313 137.955875 523.298832 184.253317 1.841708 0.508194 1.607527 -4.051983 0.141472 29.001451 2.077262 1.0
7 -1 FilteredCyclist 0 2 2.208965 485.781743 138.494805 520.329356 185.174632 1.841708 0.508194 1.607527 -4.144697 0.176972 28.767854 2.069673 1.0
8 -1 FilteredCyclist 0 2 2.205662 482.539831 139.042935 517.312247 186.111629 1.841708 0.508194 1.607527 -4.237411 0.212471 28.534257 2.062084 1.0
9 -1 Cyclist 0 1 2.202424 479.243209 139.600497 514.246368 187.064709 1.841708 0.508194 1.607527 -4.330124 0.247971 28.300660 2.054495 1.0
10 -1 Cyclist 0 1 2.199252 475.890458 140.167734 511.130544 188.034288 1.841708 0.508194 1.607527 -4.422838 0.283471 28.067063 2.046906 1.0
11 -1 Cyclist 0 0 2.125328 474.521416 140.005936 508.053299 188.278519 1.841708 0.508194 1.607527 -4.477227 0.290549 27.856748 1.969966 1.0
12 -1 Cyclist 0 0 2.051447 473.229668 139.848186 504.846058 188.524609 1.841708 0.508194 1.607527 -4.531617 0.297627 27.646434 1.893025 1.0
13 -1 Cyclist 0 0 1.977608 472.011124 139.694829 501.511881 188.772502 1.841708 0.508194 1.607527 -4.586006 0.304705 27.436119 1.816085 1.0
14 -1 Cyclist 0 0 2.015611 468.385847 139.548113 499.422004 189.060242 1.841708 0.508194 1.607527 -4.656031 0.312660 27.198351 1.850227 1.0
15 -1 Cyclist 0 0 2.053677 464.718136 139.400125 497.276837 189.352271 1.841708 0.508194 1.607527 -4.726056 0.320616 26.960582 1.884369 1.0
16 -1 Cyclist 0 0 2.098053 460.347712 139.716406 494.629153 190.138931 1.841708 0.508194 1.607527 -4.814153 0.346435 26.707307 1.924003 1.0
17 -1 Cyclist 0 0 2.142510 455.926423 140.040798 491.902654 190.938957 1.841708 0.508194 1.607527 -4.902249 0.372254 26.454031 1.963637 1.0
18 -1 Cyclist 0 0 2.187051 451.454360 140.373466 489.093668 191.752618 1.841708 0.508194 1.607527 -4.990346 0.398073 26.200755 2.003271 1.0
19 -1 Cyclist 0 0 2.231678 446.931561 140.714580 486.198407 192.580197 1.841708 0.508194 1.607527 -5.078443 0.423891 25.947480 2.042905 1.0
20 -1 Cyclist 0 0 2.276391 442.358001 141.064308 483.212967 193.426311 1.841708 0.508194 1.607527 -5.166540 0.449710 25.694204 2.082539 1.0
21 -1 Cyclist 0 0 2.359166 435.872707 140.644654 479.037694 193.369695 1.841708 0.508194 1.607527 -5.322093 0.443890 25.507752 2.158160 1.0
22 -1 Cyclist 0 1 2.442023 429.443158 140.225549 474.668641 193.308675 1.841708 0.508194 1.607527 -5.477647 0.438070 25.321299 2.233780 1.0
23 -1 Cyclist 0 1 2.524963 423.076726 139.806942 470.094360 193.243142 1.841708 0.508194 1.607527 -5.633200 0.432251 25.134846 2.309401 1.0
24 -1 FilteredCyclist 0 2 2.607988 416.779828 139.388736 465.303765 193.173010 1.841708 0.508194 1.607527 -5.788753 0.426431 24.948393 2.385022 1.0
25 -1 Cyclist 0 1 2.691096 410.557860 138.970785 460.286197 193.098217 1.841708 0.508194 1.607527 -5.944306 0.420611 24.761941 2.460642 1.0
26 -1 Cyclist 0 1 2.717261 404.663625 139.324711 454.932914 193.746244 1.841708 0.508194 1.607527 -6.107424 0.440107 24.623035 2.479373 1.0
27 -1 Cyclist 0 1 2.743482 398.717876 139.682824 449.504664 194.401111 1.841708 0.508194 1.607527 -6.270542 0.459603 24.484129 2.498105 1.0
28 -1 FilteredCyclist 0 2 2.769758 392.719901 140.045176 443.999954 195.062911 1.841708 0.508194 1.607527 -6.433659 0.479099 24.345222 2.516836 1.0
29 -1 Cyclist 0 1 2.796090 386.668970 140.411818 438.417259 195.731738 1.841708 0.508194 1.607527 -6.596777 0.498596 24.206316 2.535567 1.0
30 -1 Cyclist 0 1 2.822477 380.564327 140.782804 432.755022 196.407691 1.841708 0.508194 1.607527 -6.759894 0.518092 24.067410 2.554298 1.0
31 -1 Cyclist 0 1 2.839249 372.092568 140.912364 424.761522 196.873659 1.841708 0.508194 1.607527 -6.998340 0.530230 23.923382 2.560437 1.0
32 -1 Cyclist 0 1 2.856082 363.521768 141.043532 416.667841 197.345269 1.841708 0.508194 1.607527 -7.236785 0.542367 23.779354 2.566576 1.0
33 -1 Cyclist 0 1 2.872974 354.850170 141.176336 408.472090 197.822622 1.841708 0.508194 1.607527 -7.475230 0.554505 23.635326 2.572715 1.0
33 -1 Cyclist 0 2 2.182187 519.554092 143.035090 549.805730 183.853396 1.743163 0.574220 1.441754 -3.084251 0.136008 31.026499 2.086309 1.0
34 -1 Cyclist 0 1 2.889923 346.075978 141.310807 400.172339 198.305824 1.841708 0.508194 1.607527 -7.713675 0.566643 23.491298 2.578854 1.0
34 -1 Cyclist 0 2 2.199648 518.158827 143.167876 548.826245 184.080674 1.743163 0.574220 1.441754 -3.128868 0.145446 30.950849 2.102120 1.0
35 -1 Cyclist 0 1 2.906928 337.197350 141.446974 391.766606 198.794981 1.841708 0.508194 1.607527 -7.952121 0.578780 23.347270 2.584993 1.0
35 -1 Cyclist 0 2 2.217117 516.761402 143.301519 547.837767 184.308863 1.743163 0.574220 1.441754 -3.173484 0.154884 30.875198 2.117930 1.0
36 -1 Cyclist 0 1 2.920641 325.825329 141.338966 381.080627 199.206865 1.841708 0.508194 1.607527 -8.243887 0.586615 23.143260 2.584974 1.0
36 -1 Cyclist 0 2 2.234593 515.361855 143.436020 546.840174 184.537967 1.743163 0.574220 1.441754 -3.218100 0.164321 30.799548 2.133741 1.0
37 -1 Cyclist 0 1 2.934462 314.249105 141.228981 370.206357 199.626285 1.841708 0.508194 1.607527 -8.535654 0.594449 22.939249 2.584956 1.0
37 -1 Cyclist 0 2 2.252076 513.960223 143.571381 545.833342 184.767989 1.743163 0.574220 1.441754 -3.262716 0.173759 30.723898 2.149552 1.0
38 -1 Cyclist 0 2 2.948384 302.463127 141.116964 359.138774 200.053449 1.841708 0.508194 1.607527 -8.827420 0.602283 22.735239 2.584937 1.0
38 -1 FilteredCyclist 0 2 2.269568 512.556544 143.707606 544.817148 184.998934 1.743163 0.574220 1.441754 -3.307332 0.183197 30.648248 2.165362 1.0
39 -1 Cyclist 0 2 2.962404 290.461646 141.002859 347.872678 200.488574 1.841708 0.508194 1.607527 -9.119187 0.610117 22.531229 2.584918 1.0
39 -1 FilteredCyclist 0 2 2.282342 510.754023 143.474118 543.383228 184.950140 1.743163 0.574220 1.441754 -3.362683 0.180276 30.512042 2.175901 1.0
40 -1 Cyclist 0 2 2.976518 278.238694 140.886607 336.402680 200.931883 1.841708 0.508194 1.607527 -9.410953 0.617951 22.327218 2.584900 1.0
40 -1 Cyclist 0 1 2.295135 508.937766 143.238599 541.934256 184.900890 1.743163 0.574220 1.441754 -3.418034 0.177354 30.375836 2.186439 1.0
41 -1 Cyclist 0 1 2.307947 507.107613 143.001024 540.470003 184.851178 1.743163 0.574220 1.441754 -3.473385 0.174433 30.239631 2.196977 1.0
42 -1 Cyclist 0 1 2.320778 505.263399 142.761365 538.990238 184.800998 1.743163 0.574220 1.441754 -3.528735 0.171511 30.103425 2.207515 1.0
43 -1 Cyclist 0 1 2.333628 503.404959 142.519596 537.494725 184.750345 1.743163 0.574220 1.441754 -3.584086 0.168590 29.967219 2.218053 1.0
44 -1 Cyclist 0 0 2.339160 500.319099 142.753132 534.665389 185.173190 1.743163 0.574220 1.441754 -3.692925 0.185390 29.832770 2.219503 1.0
45 -1 Cyclist 0 1 2.344724 497.205152 142.988834 531.810566 185.599888 1.743163 0.574220 1.441754 -3.801764 0.202190 29.698321 2.220953 1.0
46 -1 Cyclist 0 1 2.350320 494.062732 143.226733 528.929908 186.030490 1.743163 0.574220 1.441754 -3.910603 0.218990 29.563871 2.222403 1.0
47 -1 Cyclist 0 1 2.355950 490.891447 143.466859 526.023066 186.465050 1.743163 0.574220 1.441754 -4.019442 0.235791 29.429422 2.223853 1.0
48 -1 Cyclist 0 0 2.361612 487.690897 143.709244 523.089679 186.903624 1.743163 0.574220 1.441754 -4.128281 0.252591 29.294973 2.225304 1.0
49 -1 Cyclist 0 0 2.367748 484.815694 143.690364 520.475273 187.069453 1.743163 0.574220 1.441754 -4.224206 0.258231 29.171133 2.227678 1.0
50 -1 Cyclist 0 0 2.373912 481.916053 143.671324 517.838499 187.236696 1.743163 0.574220 1.441754 -4.320131 0.263871 29.047293 2.230052 1.0
51 -1 Cyclist 0 0 2.380103 478.991661 143.652121 515.179070 187.405369 1.743163 0.574220 1.441754 -4.416056 0.269511 28.923453 2.232427 1.0
52 -1 Cyclist 0 0 2.386323 476.042198 143.632754 512.496694 187.575491 1.743163 0.574220 1.441754 -4.511982 0.275151 28.799612 2.234801 1.0
53 -1 Cyclist 0 0 2.392571 473.067342 143.613221 509.791071 187.747082 1.743163 0.574220 1.441754 -4.607907 0.280791 28.675772 2.237175 1.0
54 -1 Cyclist 0 0 2.407774 470.246561 144.059563 507.342741 188.355175 1.743163 0.574220 1.441754 -4.697004 0.303834 28.566273 2.248778 1.0
55 -1 Cyclist 0 0 2.423001 467.407888 144.509454 504.872085 188.975581 1.743163 0.574220 1.441754 -4.786102 0.326878 28.456773 2.260380 1.0
56 -1 Cyclist 0 0 2.438251 464.551151 144.962931 502.378806 189.600730 1.743163 0.574220 1.441754 -4.875199 0.349922 28.347274 2.271982 1.0
57 -1 Cyclist 0 0 2.410706 462.044605 145.020221 499.675587 189.836641 1.743163 0.574220 1.441754 -4.961206 0.357940 28.244437 2.240918 1.0
58 -1 Cyclist 0 0 2.383183 459.534144 145.078732 496.939425 190.074028 1.743163 0.574220 1.441754 -5.047212 0.365959 28.141600 2.209853 1.0
59 -1 Cyclist 0 0 2.393637 456.074348 144.913333 493.864821 190.155902 1.743163 0.574220 1.441754 -5.149690 0.367037 27.990688 2.215889 1.0
60 -1 Cyclist 0 0 2.404131 452.578199 144.746135 490.755831 190.238664 1.743163 0.574220 1.441754 -5.252167 0.368114 27.839775 2.221924 1.0
61 -1 Cyclist 0 0 2.414666 449.045117 144.577110 487.611880 190.322330 1.743163 0.574220 1.441754 -5.354645 0.369192 27.688863 2.227960 1.0
62 -1 Cyclist 0 0 2.455641 444.523680 145.079556 483.877662 191.067556 1.743163 0.574220 1.441754 -5.486998 0.395173 27.538536 2.263354 1.0
63 -1 Cyclist 0 0 2.496663 439.985068 145.588350 480.072738 191.820116 1.743163 0.574220 1.441754 -5.619351 0.421153 27.388208 2.298748 1.0
64 -1 Cyclist 0 0 2.506548 436.478767 145.557260 476.878879 191.987202 1.743163 0.574220 1.441754 -5.725126 0.425564 27.272971 2.304143 1.0
65 -1 Cyclist 0 0 2.516463 432.943904 145.525924 473.656818 192.155711 1.743163 0.574220 1.441754 -5.830901 0.429974 27.157733 2.309538 1.0
66 -1 Cyclist 0 0 2.526406 429.380126 145.494339 470.406183 192.325661 1.743163 0.574220 1.441754 -5.936676 0.434384 27.042496 2.314933 1.0
67 -1 Cyclist 0 0 2.536379 425.787074 145.462502 467.126596 192.497072 1.743163 0.574220 1.441754 -6.042451 0.438794 26.927258 2.320328 1.0
68 -1 Cyclist 0 0 2.546382 422.164384 145.430411 463.817671 192.669961 1.743163 0.574220 1.441754 -6.148226 0.443205 26.812021 2.325723 1.0
69 -1 Cyclist 0 0 2.473919 419.350024 145.406452 460.551768 192.993176 1.743163 0.574220 1.441754 -6.222432 0.452387 26.641209 2.249281 1.0
70 -1 Cyclist 0 0 2.401500 416.610532 145.386957 457.141381 193.317919 1.743163 0.574220 1.441754 -6.296639 0.461569 26.470397 2.172839 1.0
71 -1 Cyclist 0 0 2.329125 413.945732 145.372262 453.586858 193.644117 1.743163 0.574220 1.441754 -6.370845 0.470751 26.299585 2.096397 1.0
72 -1 Cyclist 0 0 2.379148 412.002512 145.642906 452.658837 194.084090 1.743163 0.574220 1.441754 -6.401534 0.484487 26.203986 2.144506 1.0
73 -1 Cyclist 0 0 2.429182 410.097456 145.917478 451.677105 194.525804 1.743163 0.574220 1.441754 -6.432223 0.498224 26.108387 2.192615 1.0
74 -1 Cyclist 0 1 2.463810 404.790971 145.828437 447.165863 194.738172 1.743163 0.574220 1.441754 -6.573053 0.502453 25.946602 2.220779 1.0
75 -1 Cyclist 0 1 2.498497 399.441859 145.738959 442.576261 194.952701 1.743163 0.574220 1.441754 -6.713884 0.506682 25.784817 2.248943 1.0
76 -1 Cyclist 0 1 2.533244 394.049718 145.649032 437.906354 195.169411 1.743163 0.574220 1.441754 -6.854714 0.510912 25.623032 2.277107 1.0
77 -1 Cyclist 0 1 2.568049 388.614116 145.558641 433.154163 195.388328 1.743163 0.574220 1.441754 -6.995545 0.515141 25.461246 2.305271 1.0
78 -1 Cyclist 0 1 2.602914 383.134584 145.467769 428.317668 195.609474 1.743163 0.574220 1.441754 -7.136375 0.519371 25.299461 2.333435 1.0
79 -1 Cyclist 0 1 2.607016 379.814739 145.423983 425.232005 195.738149 1.743163 0.574220 1.441754 -7.226905 0.522030 25.215212 2.333400 1.0
80 -1 Cyclist 0 1 2.611136 376.472334 145.379895 422.125926 195.867711 1.743163 0.574220 1.441754 -7.317434 0.524689 25.130962 2.333365 1.0
81 -1 Cyclist 0 1 2.615273 373.107138 145.335501 418.999229 195.998171 1.743163 0.574220 1.441754 -7.407964 0.527348 25.046713 2.333330 1.0
82 -1 Cyclist 0 1 2.619427 369.718917 145.290799 415.851707 196.129538 1.743163 0.574220 1.441754 -7.498494 0.530007 24.962464 2.333295 1.0
83 -1 Cyclist 0 1 2.624923 365.229303 145.229613 411.686624 196.307006 1.743163 0.574220 1.441754 -7.616654 0.533562 24.849191 2.333260 1.0
84 -1 Cyclist 0 1 2.620941 359.939656 146.014307 406.774029 197.444510 1.743163 0.574220 1.441754 -7.744809 0.568501 24.686483 2.322778 1.0
85 -1 Cyclist 0 1 2.617018 354.578227 146.810020 401.797572 198.597765 1.743163 0.574220 1.441754 -7.872965 0.603440 24.523775 2.312296 1.0
86 -1 Cyclist 0 1 2.613154 349.143511 147.616974 396.756032 199.767093 1.743163 0.574220 1.441754 -8.001121 0.638379 24.361067 2.301815 1.0
87 -1 Cyclist 0 1 2.609349 343.633966 148.435401 391.648155 200.952821 1.743163 0.574220 1.441754 -8.129276 0.673318 24.198359 2.291333 1.0
88 -1 Cyclist 0 1 2.605603 338.048000 149.265536 386.472653 202.155286 1.743163 0.574220 1.441754 -8.257432 0.708257 24.035651 2.280851 1.0
89 -1 Cyclist 0 1 2.601845 332.410231 148.120892 381.259068 201.395088 1.743163 0.574220 1.441754 -8.383681 0.678321 23.870252 2.270370 1.0
90 -1 Cyclist 0 1 2.598148 326.691792 146.959593 375.974399 200.623676 1.743163 0.574220 1.441754 -8.509931 0.648385 23.704854 2.259888 1.0
91 -1 Cyclist 0 1 2.594512 320.890907 145.781285 370.617214 199.840811 1.743163 0.574220 1.441754 -8.636180 0.618449 23.539455 2.249407 1.0
92 -1 Cyclist 0 1 2.590937 315.005747 144.585602 365.186042 199.046247 1.743163 0.574220 1.441754 -8.762430 0.588513 23.374057 2.238925 1.0
