0 -1 Cyclist -1 -1 -6.3882 557.3243 166.1475 667.2862 272.6259 1.7610 0.6338 1.8220 -0.0316 1.6498 12.3471 -6.3920 7.2005
0 -1 Car -1 -1 -6.1257 458.8448 180.7688 567.6631 216.8948 1.4765 1.7073 4.3898 -4.1126 1.8240 30.7970 -6.2579 5.5663
0 -1 Car -1 -1 -4.5883 654.5110 179.7363 690.6544 207.5344 1.7281 1.8822 4.4785 4.2174 2.2125 48.4233 -4.5025 3.7974
0 -1 Pedestrian -1 -1 -3.3522 632.9537 179.8821 648.5886 211.2336 1.6403 0.5188 0.7340 1.5886 2.0152 38.2101 -3.3116 0.9865
0 -1 Car -1 -1 -4.6829 679.4473 182.6878 701.7907 203.9489 1.5524 1.6346 3.9138 6.3284 2.3519 56.6334 -4.5727 0.6032
0 -1 Car -1 -1 -5.4523 317.5929 181.1178 386.5306 205.6420 1.4256 1.6502 4.1719 -16.0622 1.9579 44.8006 -5.7950 -0.4031
0 -1 Car -1 -1 -7.8170 288.3727 176.9389 315.5932 201.1657 1.6045 1.6084 3.8950 -21.5937 1.9026 50.6037 -8.2187 -0.7602
0 -1 Car -1 -1 -5.4838 906.6780 172.4167 963.1002 193.1913 1.5320 1.6063 3.9987 24.8371 1.4994 55.3620 -5.0644 -1.3587
0 -1 Car -1 -1 -4.9552 333.6711 174.1755 375.1700 200.9990 1.6867 1.6576 4.0694 -16.9781 1.7777 47.7377 -5.2954 -2.0506
0 -1 Car -1 -1 -4.9660 1114.7388 167.0956 1162.1226 191.9878 1.5595 1.6152 3.6724 34.4757 1.1985 47.2097 -4.3384 -2.1566
1 -1 Cyclist -1 -1 -6.5096 570.5385 167.1684 684.0403 273.4402 1.7550 0.6296 1.8572 0.2339 1.6608 12.4163 -6.4925 6.9774
1 -1 Car -1 -1 -6.1705 472.1864 181.4856 579.3849 216.7287 1.4462 1.7124 4.3937 -3.5848 1.8258 30.8917 -6.2856 5.7614
1 -1 Car -1 -1 -4.5731 654.0561 179.9057 691.3752 207.4516 1.7096 1.8908 4.5299 4.2294 2.2064 48.4393 -4.4871 4.1921
1 -1 Pedestrian -1 -1 -3.2713 628.6437 179.8800 646.4327 210.9980 1.6217 0.6984 0.8556 1.4140 1.9969 38.1662 -3.2352 1.1190
1 -1 Car -1 -1 -2.2974 321.0090 181.0654 388.9625 205.9335 1.4434 1.6297 4.1464 -15.8574 1.9717 44.7298 -2.6365 0.4368
1 -1 Car -1 -1 -4.1867 315.1369 178.0324 365.5127 200.0497 1.5243 1.6158 4.1352 -19.8289 1.9211 53.1519 -4.5424 -0.4109
1 -1 Car -1 -1 -4.4418 679.4109 182.7549 711.9063 204.5809 1.5764 1.5513 3.8023 6.6569 2.3732 56.0313 -4.3247 -0.4153
1 -1 Car -1 -1 -7.7977 287.8123 177.2243 315.9342 200.8813 1.5655 1.5953 3.8491 -21.5983 1.8843 50.5983 -8.1995 -0.5068
1 -1 Car -1 -1 -5.4821 906.5807 172.0786 963.2336 193.0930 1.5483 1.6098 4.0186 24.8209 1.4909 55.3246 -5.0626 -0.9905
1 -1 Car -1 -1 -4.9761 333.9559 174.6324 373.6719 201.0241 1.6608 1.5607 3.6979 -16.9757 1.7827 47.6346 -5.3170 -2.1249
2 -1 Cyclist -1 -1 -6.5182 588.6104 166.2556 701.6038 272.4308 1.7654 0.6199 1.8574 0.5429 1.6554 12.4802 -6.4771 6.4456
2 -1 Car -1 -1 -6.2342 484.6932 181.3124 592.9291 217.0063 1.4612 1.7064 4.4995 -3.0473 1.8350 30.9554 -6.3321 5.9044
2 -1 Car -1 -1 -4.6021 654.6948 179.7273 690.3717 207.6476 1.7338 1.8881 4.7232 4.2267 2.2197 48.5368 -4.5163 4.7767
2 -1 Car -1 -1 -2.2752 327.5764 180.2314 396.0177 205.4880 1.4546 1.6186 4.2425 -15.3176 1.9262 44.3738 -2.6061 1.0883
2 -1 Car -1 -1 -4.7751 293.1707 178.4308 322.9499 201.7778 1.5318 1.6690 4.2134 -21.2693 1.9406 50.6773 -5.1709 -0.6182
2 -1 Car -1 -1 -4.6794 678.8739 182.4003 702.1286 204.0705 1.5662 1.6726 3.8951 6.2490 2.3339 56.0000 -4.5694 -0.6470
2 -1 Car -1 -1 -5.1246 914.0042 171.1368 959.8696 192.6641 1.5939 1.6665 4.1777 25.0623 1.4665 55.5210 -4.7028 -1.3186
3 -1 Cyclist -1 -1 -6.4830 609.0323 166.9605 720.5344 271.6090 1.7540 0.5898 1.8451 0.8820 1.6550 12.5079 -6.4155 7.1881
3 -1 Car -1 -1 -6.2851 497.1305 180.8503 604.1630 216.8939 1.4737 1.7305 4.4587 -2.5838 1.8288 31.0192 -6.3681 6.9917
3 -1 Car -1 -1 -4.5753 654.4623 179.6896 691.3137 207.8919 1.7503 1.8544 4.6306 4.2415 2.2322 48.4369 -4.4890 4.6065
3 -1 Pedestrian -1 -1 -3.2951 625.0920 180.0805 639.1462 211.3945 1.6386 0.5766 0.6628 1.1309 2.0245 38.2351 -3.2664 0.9360
3 -1 Car -1 -1 -5.4146 322.9098 181.0373 391.3904 205.8700 1.4332 1.6410 4.2467 -15.6828 1.9590 44.6031 -5.7511 0.7954
3 -1 Car -1 -1 -4.8660 671.8331 182.8126 701.3104 204.1712 1.5364 1.6370 4.2409 5.8805 2.3399 56.0752 -4.7625 0.2002
3 -1 Car -1 -1 -5.2071 476.1944 183.4102 529.5769 209.5832 1.4913 1.5911 3.9509 -6.7309 2.1770 44.8308 -5.3557 -0.2560
3 -1 Car -1 -1 -5.4666 906.5867 172.4949 963.1464 192.9182 1.5047 1.6042 4.0566 24.8222 1.4779 55.3376 -5.0472 -0.6429
3 -1 Car -1 -1 -4.6905 294.3402 178.4909 321.7732 202.1739 1.5531 1.6804 4.2838 -21.2099 1.9670 50.7142 -5.0850 -1.1071
4 -1 Cyclist -1 -1 -6.4538 626.6325 166.1485 737.0922 270.2061 1.7553 0.6351 1.8292 1.1780 1.6419 12.5617 -6.3637 7.2522
4 -1 Car -1 -1 -6.3466 510.5569 179.9647 618.2723 216.7915 1.5067 1.7256 4.5177 -2.0444 1.8243 31.1096 -6.4122 6.3431
4 -1 Car -1 -1 -4.5742 656.0760 179.8607 692.8627 208.0112 1.7511 1.8660 4.4929 4.3492 2.2448 48.4752 -4.4858 5.0564
4 -1 Pedestrian -1 -1 -3.3090 622.7349 179.2474 636.2503 210.8315 1.6546 0.6030 0.6238 0.9930 1.9966 38.2812 -3.2838 0.6729
4 -1 Car -1 -1 -5.5853 485.9937 184.5551 549.0736 210.5333 1.4678 1.5733 3.6465 -5.6746 2.2060 43.8953 -5.7136 -0.3286
4 -1 Car -1 -1 -5.0227 912.8063 172.5876 954.9342 193.9094 1.5685 1.6659 4.4080 24.7538 1.5486 55.3594 -4.6046 -0.4956
4 -1 Car -1 -1 -4.6583 676.8513 182.5361 700.9006 203.6669 1.5171 1.6401 4.1154 6.1196 2.2965 55.9475 -4.5504 -0.9005
4 -1 Cyclist -1 -1 -4.8598 344.7652 177.4476 357.8770 203.4195 1.6245 0.5700 1.5501 -16.6159 1.9238 46.2384 -5.2032 -1.3242
5 -1 Cyclist -1 -1 -6.4269 646.4600 164.6069 756.0999 269.2831 1.7811 0.6174 1.8279 1.5194 1.6405 12.6113 -6.3110 7.2927
5 -1 Car -1 -1 -6.4046 522.3822 180.7763 628.6723 216.6339 1.4657 1.7101 4.4205 -1.5705 1.8220 31.2531 -6.4550 5.0889
5 -1 Car -1 -1 -4.5889 653.8158 180.0719 688.3735 206.6787 1.6496 1.7678 4.5860 4.1214 2.1585 48.4762 -4.5052 3.3698
5 -1 Pedestrian -1 -1 -3.1416 619.4626 180.3370 634.2018 211.6063 1.6350 0.6921 0.7741 0.8526 2.0350 38.2509 -3.1201 0.8574
5 -1 Car -1 -1 -4.7813 674.2045 183.0766 699.4915 204.7617 1.5516 1.6443 4.2462 5.8776 2.3723 55.8037 -4.6775 0.4591
5 -1 Car -1 -1 -6.9829 356.1292 170.2557 407.4643 193.9211 1.8563 1.6742 3.7907 -18.5336 1.6522 58.6459 -7.2880 -0.5690
5 -1 Car -1 -1 -2.3339 317.1129 181.0068 387.6102 206.1238 1.4638 1.6621 4.2332 -16.0562 1.9893 44.8409 -2.6762 -0.8517
5 -1 Car -1 -1 -3.1560 253.9298 179.2784 319.8202 202.4210 1.4933 1.6187 4.0253 -21.9562 1.9435 49.0164 -3.5754 -0.8957
5 -1 Car -1 -1 -5.7868 486.0526 185.9519 552.3799 211.2347 1.4353 1.5755 3.6917 -5.5457 2.2560 43.8193 -5.9125 -1.2922
5 -1 Car -1 -1 -4.1563 314.0121 179.0917 362.8167 200.8632 1.5028 1.5601 3.8422 -19.9233 1.9783 53.0078 -4.5145 -1.6568
5 -1 Cyclist -1 -1 -4.3299 0.0000 184.7922 61.0237 288.0898 1.5669 0.4995 1.4300 -9.6999 1.7756 11.8764 -5.0039 -1.6684
6 -1 Cyclist -1 -1 -6.5107 662.2413 163.5278 774.4392 268.8839 1.7939 0.6328 1.8531 1.8317 1.6348 12.6824 -6.3717 7.4262
6 -1 Car -1 -1 -6.4658 533.2189 180.1190 642.4426 216.0170 1.4702 1.6617 4.5172 -1.0316 1.7988 31.3696 -6.4991 6.7193
6 -1 Car -1 -1 -4.5982 655.1923 179.9757 691.4596 207.2270 1.6915 1.9301 4.5084 4.2698 2.1931 48.4438 -4.5114 5.0281
6 -1 Pedestrian -1 -1 -7.6289 615.6889 179.4550 630.6554 211.0508 1.6487 0.6484 0.7293 0.6626 2.0024 38.2635 -7.6123 0.8330
6 -1 Car -1 -1 -2.3032 320.5263 181.1923 391.2032 206.2232 1.4476 1.6568 4.3308 -15.7833 1.9839 44.6693 -2.6413 0.2835
6 -1 Car -1 -1 -4.6700 292.3116 178.1248 321.6490 202.5479 1.6019 1.7104 4.4039 -21.2782 1.9893 50.7069 -5.0657 -0.6401
6 -1 Car -1 -1 -5.3154 908.1141 171.4880 961.2136 192.7180 1.5638 1.6696 4.1016 24.7932 1.4628 55.3162 -4.8963 -1.0133
6 -1 Car -1 -1 -4.9807 951.3807 171.0457 994.0633 193.7624 1.5094 1.6427 3.9392 25.0578 1.3889 50.0316 -4.5190 -1.0152
6 -1 Car -1 -1 -4.0566 364.3063 179.9912 425.8067 205.8485 1.4753 1.5811 3.8931 -13.2050 1.9353 44.4292 -4.3442 -1.9333
6 -1 Car -1 -1 -4.6425 685.8834 182.6633 709.6771 203.9783 1.5237 1.5681 3.5784 6.7180 2.3002 55.2362 -4.5226 -2.0104
7 -1 Cyclist -1 -1 -6.5384 680.8669 163.2301 792.7802 268.3368 1.7973 0.6455 1.8416 2.1672 1.6324 12.7439 -6.3749 7.6972
7 -1 Car -1 -1 -6.5267 545.3419 180.0545 652.4570 215.4354 1.4527 1.6606 4.4124 -0.5456 1.7810 31.5566 -6.5445 6.4186
7 -1 Car -1 -1 -4.5730 654.5959 179.9183 692.2771 207.8047 1.7300 1.9100 4.5590 4.2779 2.2277 48.4320 -4.4860 4.9735
7 -1 Car -1 -1 -2.2619 324.9909 180.5932 394.0452 205.4865 1.4325 1.6305 4.3386 -15.4963 1.9289 44.4786 -2.5957 0.9170
7 -1 Car -1 -1 -4.7026 676.2958 183.7773 698.4224 205.2717 1.5228 1.6282 4.1503 5.9331 2.3948 55.4631 -4.5971 -0.0537
7 -1 Car -1 -1 -4.8558 289.1384 178.9290 323.9614 202.5956 1.5513 1.6608 4.2918 -21.3984 1.9971 50.7256 -5.2534 -0.2808
7 -1 Pedestrian -1 -1 -7.0624 610.4930 179.2086 631.1064 211.2168 1.6550 0.7721 0.7657 0.5307 1.9947 38.0667 -7.0492 -0.9281
7 -1 Car -1 -1 -5.4475 905.7601 171.4642 961.7888 192.5657 1.5562 1.6264 4.0385 24.7588 1.4534 55.3828 -5.0293 -1.9965
8 -1 Cyclist -1 -1 -6.5191 700.5698 163.7292 812.1307 267.9350 1.7928 0.6293 1.8367 2.5150 1.6355 12.7709 -6.3301 6.9213
8 -1 Car -1 -1 -6.5915 556.7002 180.1272 665.6099 215.1381 1.4383 1.6576 4.4974 0.0000 1.7727 31.7274 -6.5921 5.0222
8 -1 Car -1 -1 -4.5889 655.1850 179.9447 691.5567 207.7997 1.7276 1.8891 4.5610 4.2708 2.2270 48.4153 -4.5020 4.7033
8 -1 Car -1 -1 -2.2727 325.1017 180.7136 394.1043 205.5349 1.4299 1.6273 4.3031 -15.4975 1.9339 44.5016 -2.6063 0.7733
8 -1 Car -1 -1 -4.7121 676.4587 183.4621 698.4796 204.7739 1.5070 1.6166 4.2147 5.9112 2.3528 55.3726 -4.6069 -0.0048
8 -1 Car -1 -1 -5.1604 914.0956 172.5413 961.0881 193.3429 1.5388 1.6372 4.1564 25.0911 1.5154 55.4743 -4.7380 -0.8743
8 -1 Car -1 -1 -4.7143 294.4091 178.2616 321.3122 201.8750 1.5509 1.6770 4.2104 -21.2549 1.9474 50.6918 -5.1097 -1.6688
9 -1 Cyclist -1 -1 -6.5674 716.4403 165.4041 828.5117 266.5264 1.7507 0.6325 1.8466 2.8259 1.6215 12.8757 -6.3572 5.7184
9 -1 Car -1 -1 -6.6682 568.7179 179.9301 674.7581 214.7703 1.4401 1.6608 4.4064 0.4803 1.7694 32.0348 -6.6540 5.7051
9 -1 Car -1 -1 -4.5771 655.0906 179.6118 691.7132 207.9615 1.7596 1.8438 4.6517 4.2759 2.2361 48.4357 -4.4901 3.7603
9 -1 Car -1 -1 -4.6985 291.6295 177.8686 319.5065 201.8556 1.5733 1.7308 4.2286 -21.3251 1.9403 50.5659 -5.0960 1.2066
9 -1 Car -1 -1 -4.6920 676.3085 183.1434 698.8852 205.5237 1.5827 1.6384 4.0939 5.9298 2.3989 55.1233 -4.5859 0.5327
9 -1 Car -1 -1 -2.2856 321.7998 181.3785 389.0403 206.0530 1.4292 1.6180 4.1312 -15.8248 1.9775 44.7102 -2.6243 0.4791
9 -1 Car -1 -1 -5.4267 907.2140 172.7224 962.8534 193.1029 1.5025 1.6052 4.0776 24.8511 1.4925 55.3765 -5.0071 -0.9235
9 -1 Car -1 -1 -4.1964 314.9342 178.6183 362.5201 200.5835 1.5212 1.5960 3.8164 -19.9109 1.9606 53.0346 -4.5541 -1.1167
9 -1 Car -1 -1 -4.9661 334.0974 174.1862 373.2167 200.3820 1.6515 1.5604 3.6792 -16.9912 1.7428 47.6498 -5.3072 -1.7443
10 -1 Car -1 -1 -6.7183 580.9207 180.2401 684.4015 215.1334 1.4488 1.6537 4.3310 0.9774 1.7952 32.2558 -6.6889 6.6074
10 -1 Cyclist -1 -1 -6.6331 732.2827 162.9908 847.2296 265.9231 1.7838 0.6277 1.8988 3.1502 1.6126 12.9270 -6.4003 6.3497
10 -1 Car -1 -1 -4.5885 656.5148 180.0772 691.4742 206.8426 1.6647 1.8156 4.3995 4.3149 2.1732 48.4817 -4.5008 4.0227
10 -1 Car -1 -1 -2.2856 320.2750 180.8935 388.5072 205.9647 1.4543 1.6410 4.1922 -15.8930 1.9717 44.7218 -2.6255 0.3353
10 -1 Car -1 -1 -4.8235 290.7050 178.6790 322.6713 202.1680 1.5463 1.6441 3.9348 -21.3605 1.9722 50.6701 -5.2208 -0.1966
10 -1 Car -1 -1 -4.7194 676.5566 183.1604 699.0682 204.9738 1.5393 1.6468 4.2905 5.9052 2.3595 55.2265 -4.6140 -0.2208
10 -1 Car -1 -1 -5.5971 900.4692 171.1392 961.4765 192.5047 1.5725 1.6539 4.1622 24.5245 1.4460 55.3348 -5.1822 -1.7450
11 -1 Car -1 -1 -6.7884 592.8242 180.3437 695.0393 214.9477 1.4427 1.6236 4.3612 1.5036 1.7974 32.5111 -6.7433 6.8880
11 -1 Cyclist -1 -1 -6.6375 750.4406 164.3802 863.5923 265.3228 1.7585 0.6543 1.8531 3.4737 1.6106 12.9874 -6.3828 5.6840
11 -1 Car -1 -1 -4.6612 662.1211 180.4614 689.5833 205.0658 1.5312 1.6301 4.2127 4.4281 2.0651 48.4639 -4.5712 2.8238
11 -1 Car -1 -1 -2.3118 319.0882 180.9583 390.2354 205.9608 1.4504 1.6555 4.3542 -15.8856 1.9725 44.7501 -2.6514 0.2694
11 -1 Car -1 -1 -3.9551 367.0621 179.5120 427.7368 204.8528 1.4470 1.5127 3.5831 -12.9938 1.8720 44.1584 -4.2400 0.1938
11 -1 Car -1 -1 -4.6951 675.5637 183.0670 698.1470 205.5854 1.5883 1.6487 4.2405 5.8717 2.3991 55.0984 -4.5900 -0.2244
11 -1 Car -1 -1 -7.9288 287.9767 179.4301 318.0273 202.2850 1.4976 1.6478 4.0111 -21.6243 1.9789 50.6816 -8.3305 -0.8329
11 -1 Car -1 -1 -6.6071 558.7435 181.5199 634.5848 210.8982 1.4894 1.6225 3.7561 -0.7625 1.9720 38.8026 -6.6272 -1.7163
12 -1 Cyclist -1 -1 -6.6688 767.6104 162.4653 880.5687 264.8180 1.7892 0.6246 1.8576 3.7939 1.6073 13.0243 -6.3923 6.9228
12 -1 Car -1 -1 -6.8401 603.2513 180.0888 703.5764 214.6731 1.4537 1.6416 4.3471 1.9551 1.8002 32.8253 -6.7818 6.6030
12 -1 Pedestrian -1 -1 -3.4681 596.8945 178.5332 614.7360 210.8872 1.6951 0.5005 0.8300 -0.2622 1.9992 38.3057 -3.4755 0.6099
12 -1 Car -1 -1 -4.9714 657.0640 179.4713 693.1558 202.3146 1.4540 1.5246 3.7458 4.3508 1.9216 49.0470 -4.8840 0.1047
12 -1 Car -1 -1 -2.3191 318.8316 180.6985 388.3013 205.9774 1.4728 1.6387 4.2091 -15.9669 1.9780 44.7951 -2.6599 -0.4518
12 -1 Car -1 -1 -5.0484 912.2193 172.9148 955.6572 193.9603 1.5475 1.6634 4.4049 24.7457 1.5521 55.3333 -4.6302 -0.8557
12 -1 Car -1 -1 -4.2433 316.1693 178.5686 361.1767 200.4808 1.5210 1.5734 3.7408 -19.9215 1.9562 53.0447 -4.6012 -0.8633
12 -1 Car -1 -1 -3.9075 366.1524 180.1542 436.9721 205.8514 1.4501 1.6447 4.2001 -12.7385 1.9197 44.2128 -4.1868 -1.6905
12 -1 Car -1 -1 -3.1072 254.8781 178.9969 320.8618 202.2164 1.5064 1.6684 4.0433 -21.9077 1.9376 49.1505 -3.5248 -2.1691
13 -1 Car -1 -1 -6.9081 615.4594 180.0496 712.3983 214.2421 1.4501 1.6414 4.3032 2.4682 1.7991 33.1973 -6.8352 6.7558
13 -1 Cyclist -1 -1 -6.7351 784.1669 161.5761 897.3646 263.9914 1.7930 0.6427 1.8659 4.1196 1.5952 13.0928 -6.4376 6.0653
13 -1 Pedestrian -1 -1 -3.7319 595.0421 179.7904 613.6983 211.4626 1.6547 0.5830 0.8034 -0.3383 2.0277 38.3675 -3.7413 0.7923
13 -1 Car -1 -1 -5.2173 656.8991 179.0462 701.6259 201.7359 1.4501 1.4939 3.5426 4.6385 1.8875 49.0841 -5.1241 0.1853
13 -1 Car -1 -1 -7.7794 291.0384 178.4248 320.8423 202.1157 1.5633 1.6500 3.6978 -21.3024 1.9691 50.5754 -8.1764 0.0671
13 -1 Car -1 -1 -5.4317 319.1883 180.7301 386.7349 205.4228 1.4371 1.6543 4.1115 -16.0142 1.9449 44.8192 -5.7733 -0.0991
13 -1 Car -1 -1 -5.2858 913.2310 172.4821 963.3102 193.5537 1.5557 1.6118 3.9277 25.0820 1.5279 55.3314 -4.8625 -1.0226
13 -1 Car -1 -1 -5.0224 949.3045 170.9895 994.4033 193.2211 1.4810 1.6862 3.8627 25.0323 1.3565 50.1043 -4.5617 -1.1036
14 -1 Cyclist -1 -1 -6.7111 805.0327 163.2190 916.6815 263.7453 1.7732 0.6226 1.8283 4.4955 1.6029 13.1334 -6.3891 6.9509
14 -1 Car -1 -1 -6.9821 627.3688 179.9530 721.8130 213.9636 1.4552 1.6496 4.3389 3.0030 1.8044 33.5950 -6.8944 6.4395
14 -1 Pedestrian -1 -1 -3.1723 593.5837 181.0507 610.0444 210.9813 1.5765 0.4695 0.8609 -0.4768 2.0153 38.3966 -3.1853 1.1090
14 -1 Car -1 -1 -5.4294 316.6390 181.1817 384.5291 205.6648 1.4240 1.6483 4.1576 -16.1838 1.9617 44.8783 -5.7739 0.2986
14 -1 Car -1 -1 -7.8310 289.7771 177.2284 316.3997 201.4626 1.6024 1.6235 3.9687 -21.5266 1.9221 50.6278 -8.2314 -0.3467
14 -1 Car -1 -1 -5.2366 909.7915 172.7246 960.3630 193.7075 1.5499 1.6738 4.1590 24.8851 1.5400 55.4516 -4.8171 -0.6376
14 -1 Car -1 -1 -4.9739 333.4665 173.7465 373.1071 200.6870 1.7018 1.5690 3.6801 -17.0221 1.7628 47.6680 -5.3154 -1.6925
14 -1 Car -1 -1 -4.9591 952.5663 170.8589 993.9204 193.5913 1.5124 1.6505 3.8780 25.1191 1.3794 50.0765 -4.4968 -1.8947
14 -1 Car -1 -1 -4.9892 657.7775 181.2065 699.1940 206.6085 1.5849 1.6568 4.3226 4.5422 2.1757 48.7920 -4.8974 -2.0304
15 -1 Car -1 -1 -7.0354 637.5847 179.7245 728.1891 213.9303 1.4820 1.6707 4.2599 3.4334 1.8242 34.0065 -6.9363 6.9071
15 -1 Cyclist -1 -1 -6.7134 822.9395 163.7047 935.0482 263.1658 1.7666 0.6275 1.8303 4.8515 1.6038 13.2072 -6.3695 6.4261
15 -1 Pedestrian -1 -1 -3.1766 591.4754 180.8365 606.7738 211.1022 1.5944 0.4842 0.7969 -0.6200 2.0220 38.4114 -3.1932 0.7687
15 -1 Car -1 -1 -7.7751 291.1922 179.0961 321.1067 202.7984 1.5616 1.6482 3.6122 -21.2780 2.0157 50.5506 -8.1720 -0.4236
15 -1 Car -1 -1 -5.4381 319.1772 180.4763 386.5665 205.3191 1.4484 1.6503 4.0829 -16.0198 1.9396 44.8217 -5.7798 -0.6683
15 -1 Car -1 -1 -5.4552 906.3893 172.0162 962.4609 192.9612 1.5406 1.6325 3.9966 24.7389 1.4786 55.2250 -5.0363 -1.5314
15 -1 Car -1 -1 -4.9940 951.2381 170.8014 994.0860 193.0085 1.4784 1.6449 3.8168 25.0701 1.3415 50.0610 -4.5324 -1.9892
16 -1 Cyclist -1 -1 -6.6994 835.5807 164.4713 951.2729 262.9275 1.7619 0.6103 1.8982 5.1378 1.6116 13.2689 -6.3383 6.7153
16 -1 Car -1 -1 -7.1028 648.4468 179.6229 733.0450 212.6752 1.4496 1.6414 4.1236 3.8527 1.7907 34.4173 -6.9929 6.6413
16 -1 Car -1 -1 -5.3214 325.1329 180.5782 386.8310 205.3996 1.4317 1.6079 3.9782 -15.7445 1.9278 44.5611 -5.6595 0.3471
16 -1 Pedestrian -1 -1 -2.9560 587.8768 180.2405 606.4028 211.0290 1.6169 0.6299 0.8873 -0.7211 2.0143 38.4610 -2.9752 0.2214
16 -1 Car -1 -1 -4.7960 291.3570 178.7530 322.3521 202.2252 1.5428 1.6812 3.9680 -21.3425 1.9742 50.6543 -5.1932 -0.0529
16 -1 Car -1 -1 -5.1694 1103.1028 167.2402 1163.0607 192.1085 1.5562 1.6327 3.8387 34.0853 1.2046 47.1795 -4.5469 -1.6328
16 -1 Car -1 -1 -5.2231 913.2136 171.6132 961.5433 192.6642 1.5589 1.6123 4.0243 25.0916 1.4667 55.5065 -4.8008 -1.9333
17 -1 Cyclist -1 -1 -6.7510 855.3256 164.0113 968.7137 261.6917 1.7546 0.6254 1.8563 5.5159 1.5954 13.3506 -6.3678 7.1576
17 -1 Car -1 -1 -7.1475 658.5958 179.6049 740.1198 212.3767 1.4552 1.6335 4.1122 4.3198 1.7996 34.8516 -7.0258 5.7239
17 -1 Pedestrian -1 -1 -3.3308 585.5626 180.9525 602.0847 211.3118 1.5949 0.4459 0.8084 -0.9005 2.0287 38.3713 -3.3547 1.2057
17 -1 Car -1 -1 -5.3442 327.1727 180.3877 391.3238 205.0316 1.4172 1.5917 4.1459 -15.5046 1.9001 44.4467 -5.6783 0.4443
17 -1 Car -1 -1 -4.5007 651.5441 181.7412 689.5460 207.4462 1.5815 1.6577 4.3883 4.0734 2.2055 48.3498 -4.4177 0.3118
17 -1 Car -1 -1 -7.9422 288.4696 179.9172 319.1515 202.9871 1.5090 1.6431 3.9162 -21.5344 2.0248 50.6050 -8.3429 0.1302
17 -1 Car -1 -1 -5.1318 913.9348 171.2732 960.0089 192.8210 1.5960 1.6612 4.1716 25.0694 1.4786 55.5307 -4.7100 -1.4919
17 -1 Car -1 -1 -5.0290 949.1263 170.8102 994.8480 193.1968 1.4902 1.6715 3.9633 25.0421 1.3538 50.1101 -4.5682 -1.9523
17 -1 Car -1 -1 -4.9725 334.3967 174.7819 374.7284 200.9687 1.6460 1.5857 3.8067 -16.9401 1.7785 47.6688 -5.3125 -2.1878
18 -1 Cyclist -1 -1 -6.7553 873.6356 163.4693 986.1566 261.0014 1.7600 0.6384 1.8230 5.8675 1.5904 13.4011 -6.3514 6.8671
18 -1 Car -1 -1 -7.2068 667.1440 179.1344 746.4435 212.3928 1.5017 1.6833 4.1837 4.7637 1.8280 35.4450 -7.0749 5.6500
18 -1 Car -1 -1 -4.5951 654.6244 179.8431 688.0344 206.9808 1.6884 1.7304 4.4766 4.1345 2.1805 48.4749 -4.5111 3.4709
18 -1 Car -1 -1 -5.4208 321.7853 181.2269 386.3274 205.8615 1.4293 1.6087 3.9119 -15.8935 1.9668 44.6724 -5.7611 0.5044
18 -1 Pedestrian -1 -1 -3.3377 584.0995 181.8153 597.8061 211.9786 1.5860 0.4280 0.6576 -1.0534 2.0659 38.3868 -3.3656 0.4702
18 -1 Car -1 -1 -4.6650 290.9468 178.0004 320.4121 201.9603 1.5714 1.6986 4.2684 -21.3281 1.9485 50.6055 -5.0623 0.4693
18 -1 Car -1 -1 -4.1925 315.4398 178.6034 362.8375 200.5066 1.5180 1.5921 3.7801 -19.8859 1.9562 53.0460 -4.5498 -0.8710
18 -1 Car -1 -1 -5.4195 906.6483 172.2013 961.9536 193.5542 1.5732 1.6383 4.0220 24.7706 1.5248 55.3198 -5.0008 -1.4985
19 -1 Cyclist -1 -1 -6.7707 890.6815 163.6237 1003.2528 259.7943 1.7400 0.6385 1.8148 6.1984 1.5727 13.4314 -6.3475 7.0521
19 -1 Car -1 -1 -7.2317 676.0217 179.4957 751.6249 212.0203 1.4880 1.6621 4.0777 5.1717 1.8370 35.8944 -7.0903 5.7061
19 -1 Car -1 -1 -4.5948 655.0372 179.9353 689.7216 207.0595 1.6822 1.8015 4.5700 4.2040 2.1810 48.4331 -4.5093 3.8639
19 -1 Car -1 -1 -5.4184 318.9948 181.2070 385.8694 205.7572 1.4275 1.6352 4.1204 -16.0676 1.9667 44.8722 -5.7607 1.2668
19 -1 Pedestrian -1 -1 -3.2370 579.4793 180.8772 596.2794 211.5076 1.6142 0.4269 0.8569 -1.2187 2.0442 38.4306 -3.2691 1.0374
19 -1 Car -1 -1 -5.1544 916.6251 172.5052 961.4743 193.1352 1.5247 1.6266 3.8410 25.1139 1.4986 55.2618 -4.7301 -1.6385
19 -1 Car -1 -1 -4.1422 316.3007 177.6701 366.7358 200.5527 1.5876 1.5909 3.9523 -19.7065 1.9554 53.0461 -4.4966 -1.7946
19 -1 Car -1 -1 -5.1670 1103.1428 167.3277 1161.1742 191.8629 1.5420 1.5810 3.7549 34.1389 1.1944 47.3305 -4.5453 -1.9344
19 -1 Car -1 -1 -7.7255 290.5679 177.9129 323.2272 201.7766 1.5795 1.6313 3.8558 -21.2879 1.9494 50.7134 -8.1213 -2.0411
19 -1 Car -1 -1 -4.9710 333.7917 174.4067 373.2417 200.6599 1.6534 1.5680 3.6664 -16.9923 1.7598 47.6274 -5.3122 -2.0522
20 -1 Cyclist -1 -1 -6.8952 905.8410 162.9488 1017.5328 260.2428 1.7636 0.6445 1.8608 6.5410 1.5838 13.5555 -6.4549 6.9756
20 -1 Car -1 -1 -7.3051 685.1650 179.4342 755.2596 211.0354 1.4680 1.6301 4.0553 5.5790 1.8191 36.4593 -7.1550 6.0337
20 -1 Car -1 -1 -4.6585 656.3407 179.6143 688.2764 207.4265 1.7315 1.8993 4.6250 4.2053 2.2085 48.5210 -4.5731 4.3576
20 -1 Pedestrian -1 -1 -3.2520 577.6014 180.9612 594.7424 211.5756 1.6107 0.4197 0.8696 -1.3078 2.0447 38.3766 -3.2864 1.0517
20 -1 Car -1 -1 -2.3293 318.4587 181.2592 387.8863 206.4560 1.4669 1.6562 4.1593 -15.9949 2.0082 44.8108 -2.6706 -0.4317
20 -1 Car -1 -1 -7.9225 287.7224 177.4517 317.2426 201.3096 1.5744 1.6381 3.9350 -21.6076 1.9098 50.5587 -8.3248 -0.4856
20 -1 Car -1 -1 -4.9679 916.6483 172.6926 954.2410 193.5940 1.5312 1.6219 4.0667 24.7226 1.5191 54.9989 -4.5478 -1.2819
21 -1 Cyclist -1 -1 -6.8433 925.9010 162.8964 1036.8022 258.7168 1.7483 0.6307 1.7998 6.9114 1.5663 13.5672 -6.3816 7.2584
21 -1 Car -1 -1 -7.3564 692.5613 179.4721 759.6851 210.7112 1.4752 1.6618 4.0914 5.9835 1.8347 37.1019 -7.1983 5.8664
21 -1 Car -1 -1 -4.6038 655.6060 179.8194 690.1644 207.4615 1.7198 1.8464 4.4408 4.2367 2.2098 48.4353 -4.5176 5.4677
21 -1 Pedestrian -1 -1 -3.2823 574.3159 179.9199 591.4764 211.2676 1.6448 0.5754 0.8388 -1.4829 2.0239 38.3789 -3.3213 1.0213
21 -1 Car -1 -1 -3.1339 254.8080 179.1021 317.7419 202.2084 1.4964 1.6138 3.8458 -21.9988 1.9339 49.0533 -3.5537 0.2991
21 -1 Car -1 -1 -4.7967 679.6821 183.2436 704.3868 204.9600 1.5360 1.5452 3.6822 6.1557 2.3498 54.6763 -4.6858 -0.0624
21 -1 Car -1 -1 -2.3097 317.7629 181.0550 388.5622 206.0397 1.4506 1.6464 4.3418 -15.9922 1.9792 44.7885 -2.6511 -0.4318
21 -1 Car -1 -1 -5.2041 944.4395 168.8802 999.2272 192.8514 1.5911 1.6681 4.0344 24.9336 1.3270 49.9342 -4.7436 -1.4614
21 -1 Car -1 -1 -4.2656 316.0309 178.6725 360.6652 200.4050 1.5056 1.5670 3.8268 -19.9347 1.9488 53.0205 -4.6239 -1.8029
22 -1 Car -1 -1 -7.4038 699.5497 179.2838 764.8488 210.6575 1.5057 1.7152 4.2048 6.4088 1.8615 37.7465 -7.2375 6.6690
22 -1 Cyclist -1 -1 -6.8699 938.9747 162.1673 1051.6827 257.8111 1.7569 0.6128 1.8612 7.2254 1.5603 13.6603 -6.3929 5.9552
22 -1 Car -1 -1 -4.5717 654.7617 179.6104 692.2655 207.6039 1.7413 1.9052 4.4670 4.2813 2.2169 48.4283 -4.4846 5.4942
22 -1 Car -1 -1 -5.4085 322.1715 181.9364 390.9934 206.8231 1.4336 1.6699 4.2756 -15.7515 2.0187 44.6977 -5.7458 0.7656
22 -1 Pedestrian -1 -1 -3.4226 571.9458 180.4704 589.2053 211.7290 1.6405 0.4438 0.8261 -1.6046 2.0488 38.3744 -3.4647 0.5456
22 -1 Car -1 -1 -4.8279 289.9854 178.8412 323.2276 202.6881 1.5630 1.6721 4.2774 -21.3865 2.0024 50.7082 -5.2254 -0.4135
22 -1 Car -1 -1 -4.8105 674.1403 182.4606 700.8066 204.4489 1.5580 1.6305 3.8678 5.8149 2.3125 54.7577 -4.7058 -0.4878
22 -1 Car -1 -1 -5.4881 906.2555 171.2761 963.0011 192.2955 1.5489 1.6078 4.0168 24.8039 1.4324 55.3337 -5.0689 -1.4247
23 -1 Cyclist -1 -1 -6.9022 954.8953 162.2162 1068.5570 257.9325 1.7620 0.6485 1.8657 7.5687 1.5658 13.7199 -6.4078 6.5774
23 -1 Car -1 -1 -7.4704 707.2031 179.1055 766.6494 210.8286 1.5519 1.6871 4.1576 6.7670 1.9033 38.3794 -7.2977 6.1134
23 -1 Car -1 -1 -4.5854 655.1273 179.8559 691.4427 207.6637 1.7290 1.8813 4.4958 4.2686 2.2223 48.4666 -4.4986 4.8334
23 -1 Pedestrian -1 -1 -3.2532 570.0865 180.2134 586.1359 211.6516 1.6525 0.4769 0.8037 -1.7362 2.0465 38.3635 -3.2987 1.2246
23 -1 Car -1 -1 -7.9333 291.5321 178.2373 321.4134 202.3525 1.5910 1.6290 3.9265 -21.3732 1.9845 50.6663 -8.3308 -0.0418
23 -1 Car -1 -1 -5.0202 913.9744 172.8695 953.2997 193.5419 1.5240 1.5967 4.0030 24.7076 1.5250 55.2743 -4.6022 -1.0940
23 -1 Car -1 -1 -5.4334 317.5828 180.6761 384.6244 205.2434 1.4324 1.6463 4.0718 -16.1446 1.9370 44.8631 -5.7772 -1.0952
23 -1 Car -1 -1 -4.7467 674.7181 181.8626 698.6882 203.8166 1.5556 1.6632 4.2624 5.7930 2.2706 55.1034 -4.6430 -1.2573
23 -1 Pedestrian -1 -1 -3.3241 1144.2238 164.6508 1159.9907 192.6495 1.7513 0.5642 0.7029 34.1766 1.2379 45.5403 -2.6836 -1.5438
23 -1 Car -1 -1 -4.9799 333.1001 173.7179 373.0024 200.7185 1.7025 1.5608 3.6812 -17.0053 1.7615 47.5769 -5.3217 -1.9424
24 -1 Cyclist -1 -1 -6.9199 970.4504 162.2471 1084.2399 257.0361 1.7567 0.6580 1.8689 7.9209 1.5598 13.8157 -6.4091 6.8338
24 -1 Car -1 -1 -4.6193 655.7962 179.9125 689.8048 207.8078 1.7358 1.8739 4.4704 4.2332 2.2327 48.4611 -4.5333 5.1647
24 -1 Car -1 -1 -7.5008 713.5978 179.8500 769.6628 209.8896 1.4906 1.6489 4.1778 7.1401 1.8905 39.0546 -7.3219 5.0019
24 -1 Pedestrian -1 -1 -3.2869 566.8010 179.1853 583.5565 211.0940 1.6691 0.7527 0.7880 -1.8936 2.0094 38.3650 -3.3364 1.0161
24 -1 Car -1 -1 -4.8711 672.7608 182.9734 703.0260 204.3428 1.5042 1.6218 4.3213 5.8727 2.3072 55.0746 -4.7660 0.2314
24 -1 Car -1 -1 -3.0907 256.8022 179.8614 321.6339 202.8476 1.4894 1.6517 3.9533 -21.8085 1.9806 49.1311 -3.5068 0.2202
24 -1 Car -1 -1 -2.3098 317.6612 181.1826 388.9944 206.1689 1.4496 1.6539 4.3810 -15.9846 1.9866 44.7949 -2.6510 -0.6886
25 -1 Cyclist -1 -1 -6.9411 987.2090 160.8366 1100.0349 256.0805 1.7715 0.6107 1.8848 8.2530 1.5477 13.8456 -6.4135 7.4315
25 -1 Car -1 -1 -7.5588 718.8647 181.1076 771.5005 209.6211 1.4313 1.6736 4.3478 7.4892 1.9136 39.8751 -7.3750 5.4343
25 -1 Car -1 -1 -4.6155 656.2229 179.7230 690.5858 207.7026 1.7387 1.8669 4.6324 4.2784 2.2233 48.4877 -4.5286 4.9604
25 -1 Pedestrian -1 -1 -3.1447 565.5146 180.4129 581.6126 211.8146 1.6494 0.5648 0.8483 -1.9766 2.0541 38.3522 -3.1964 0.7898
25 -1 Car -1 -1 -2.2876 319.1773 180.5625 389.2621 206.0488 1.4800 1.6741 4.3190 -15.9224 1.9771 44.7720 -2.6278 -0.3709
25 -1 Car -1 -1 -4.7692 675.7321 183.1980 700.4064 205.3600 1.5651 1.6341 3.8727 5.8636 2.3783 54.7707 -4.6636 -0.4098
25 -1 Cyclist -1 -1 -6.2983 293.4424 176.1547 321.5349 202.8745 1.7889 0.6126 1.7532 -20.6129 2.0160 49.0929 -6.6942 -0.7923
25 -1 Car -1 -1 -4.4473 316.6671 178.4515 354.0368 201.1295 1.5718 1.5818 3.9640 -20.1778 1.9991 53.0711 -4.8092 -0.8196
25 -1 Car -1 -1 -6.6062 960.0198 169.5968 1023.0953 192.2210 1.4916 1.5549 3.4383 25.6286 1.2766 48.6118 -6.1238 -1.0624
25 -1 Pedestrian -1 -1 -8.1301 346.0137 176.9958 359.1166 203.3031 1.6540 0.5959 0.7852 -16.4523 1.9207 46.0133 -8.4719 -2.0112
26 -1 Cyclist -1 -1 -6.9719 1002.6328 160.0264 1119.1024 255.6859 1.7858 0.6455 1.9514 8.6359 1.5461 13.9293 -6.4270 6.5281
26 -1 Car -1 -1 -4.5972 655.2724 179.6069 690.4330 207.5687 1.7398 1.8494 4.5327 4.2386 2.2156 48.4631 -4.5110 5.2623
26 -1 Car -1 -1 -7.5985 724.0621 180.5858 773.0375 209.3647 1.4753 1.6657 4.3498 7.8050 1.9345 40.5577 -7.4102 4.7405
26 -1 Pedestrian -1 -1 -3.7841 561.0532 179.4915 579.2239 211.3230 1.6649 0.4910 0.8385 -2.1584 2.0220 38.3880 -3.8404 0.5927
26 -1 Car -1 -1 -4.7900 674.2957 182.2368 700.1168 204.3122 1.5653 1.6443 3.8487 5.7961 2.3024 54.7618 -4.6857 -0.6214
26 -1 Car -1 -1 -5.0779 912.8619 172.1019 956.2901 193.8560 1.6011 1.6479 4.1326 24.7443 1.5454 55.2112 -4.6589 -1.1604
26 -1 Cyclist -1 -1 -4.9039 343.9352 177.8609 358.1699 203.6978 1.6137 0.5701 1.5691 -16.6203 1.9396 46.2020 -5.2477 -1.1651
26 -1 Car -1 -1 -2.3063 317.2767 180.9082 387.1636 205.9769 1.4579 1.6598 4.2599 -16.0603 1.9773 44.8187 -2.6488 -1.4121
26 -1 Car -1 -1 -3.1139 253.3164 178.8452 321.2604 202.4425 1.5304 1.6690 4.1616 -21.9518 1.9512 49.1530 -3.5322 -1.9579
27 -1 Cyclist -1 -1 -6.9992 1020.7664 161.4318 1130.9720 254.0542 1.7377 0.6340 1.8414 8.9685 1.5231 13.9935 -6.4393 7.2319
27 -1 Car -1 -1 -7.6420 729.6341 179.9922 773.6731 208.2629 1.4836 1.6578 4.0499 8.0900 1.9121 41.1575 -7.4498 5.5942
27 -1 Car -1 -1 -4.6175 655.2360 179.7444 690.2390 207.8613 1.7481 1.9234 4.5738 4.2321 2.2337 48.4687 -4.5315 4.6543
27 -1 Pedestrian -1 -1 -3.1304 561.0302 179.6285 573.8535 211.2321 1.6625 0.5543 0.6757 -2.2997 2.0253 38.3764 -3.1905 0.3462
27 -1 Car -1 -1 -4.7477 676.3795 183.2178 700.1863 205.5300 1.5711 1.6440 4.1239 5.8912 2.3895 54.8852 -4.6419 -0.2282
27 -1 Car -1 -1 -7.8752 290.2766 178.4360 316.5674 201.8020 1.5380 1.6159 3.8304 -21.5420 1.9450 50.5652 -8.2763 -1.1619
27 -1 Cyclist -1 -1 -4.7916 346.0758 176.9629 357.5514 203.8037 1.6783 0.5699 1.5707 -16.5718 1.9458 46.2039 -5.1345 -1.3596
27 -1 Car -1 -1 -4.3425 318.6651 179.0474 362.0056 201.1743 1.5327 1.6139 4.1071 -19.8507 2.0067 53.1989 -4.6983 -1.7586
27 -1 Car -1 -1 -3.8609 366.2918 179.7986 437.2436 205.5687 1.4570 1.5903 4.1495 -12.7100 1.9025 44.1426 -4.1400 -1.8306
27 -1 Car -1 -1 -2.2976 319.2316 180.7510 389.2561 206.1173 1.4728 1.6649 4.2902 -15.9144 1.9817 44.7574 -2.6376 -1.9265
28 -1 Cyclist -1 -1 -6.9305 1036.7028 159.8851 1150.4983 254.0121 1.7812 0.6264 1.8414 9.3313 1.5355 14.0315 -6.3539 6.6347
28 -1 Car -1 -1 -4.5726 653.8193 179.9259 691.4362 207.7935 1.7288 1.9073 4.5305 4.2214 2.2267 48.4119 -4.4867 5.4712
28 -1 Car -1 -1 -7.6553 732.7274 179.5020 775.8142 208.2271 1.5441 1.6962 4.0803 8.4114 1.9513 42.0176 -7.4596 4.8796
28 -1 Pedestrian -1 -1 -3.5446 554.3935 179.7579 573.7005 211.9503 1.6843 0.5714 0.8707 -2.4848 2.0557 38.3956 -3.6094 1.0474
28 -1 Car -1 -1 -3.1087 256.1511 179.9288 324.2919 202.9588 1.4899 1.6876 4.1839 -21.7691 1.9874 49.2020 -3.5235 0.9487
28 -1 Car -1 -1 -4.8440 673.1248 182.9869 702.1461 204.5048 1.5158 1.6298 4.3922 5.8600 2.3209 55.1330 -4.7392 0.1719
28 -1 Car -1 -1 -2.3237 317.5413 181.0224 387.6647 206.1785 1.4650 1.6483 4.2443 -16.0396 1.9916 44.8323 -2.6657 -0.8902
28 -1 Car -1 -1 -3.9411 318.3199 177.2520 376.4481 200.3870 1.6031 1.6165 4.0944 -19.2697 1.9394 53.0314 -4.2883 -1.2206
29 -1 Cyclist -1 -1 -6.9653 1050.5847 160.0254 1165.8357 253.2829 1.7711 0.6364 1.8839 9.6681 1.5272 14.1062 -6.3747 5.9550
29 -1 Car -1 -1 -7.6823 735.5540 178.5417 775.8100 206.6664 1.5455 1.6793 4.0379 8.6332 1.8992 42.7193 -7.4848 5.3821
29 -1 Car -1 -1 -4.5928 654.8798 180.1130 691.2953 207.5007 1.6989 1.9148 4.5298 4.2546 2.2103 48.4492 -4.5063 5.3516
29 -1 Pedestrian -1 -1 -2.8939 552.9550 180.5913 571.6047 212.2354 1.6640 0.4406 0.9101 -2.5757 2.0785 38.3860 -2.9610 1.0539
29 -1 Car -1 -1 -2.3062 320.1224 181.4888 390.7196 206.4288 1.4421 1.6542 4.3196 -15.8190 1.9977 44.6941 -2.6448 0.4049
29 -1 Car -1 -1 -4.8302 673.3811 183.1417 701.5035 204.4263 1.4994 1.6250 4.3361 5.8449 2.3160 55.1152 -4.7257 0.3811
29 -1 Car -1 -1 -7.9804 286.3837 179.7280 319.1725 202.8819 1.5174 1.6401 3.8883 -21.6143 2.0193 50.6223 -8.3824 -1.1119
29 -1 Car -1 -1 -5.3723 912.6989 172.1018 964.5958 193.0624 1.5476 1.5945 3.8373 25.1115 1.4918 55.3267 -4.9485 -1.2947
29 -1 Car -1 -1 -3.9180 366.0205 181.0482 433.0127 206.9287 1.4650 1.5671 3.9953 -12.8996 1.9921 44.3156 -4.2001 -1.8685
29 -1 Car -1 -1 -4.1209 314.4981 179.4918 364.3687 201.3260 1.5051 1.5714 3.8092 -19.8499 2.0112 53.0094 -4.4779 -1.9246
30 -1 Cyclist -1 -1 -6.9912 1064.5250 160.5342 1176.3051 252.7723 1.7566 0.6534 1.8106 9.9470 1.5217 14.1621 -6.3892 6.5876
30 -1 Car -1 -1 -4.5656 654.8773 179.6029 692.3427 207.5734 1.7393 1.8711 4.5125 4.2895 2.2147 48.4433 -4.4784 5.4557
30 -1 Car -1 -1 -7.6896 737.8999 179.1962 776.6176 206.4566 1.5230 1.6477 4.1105 8.8971 1.9249 43.5541 -7.4899 4.2113
30 -1 Pedestrian -1 -1 -3.2685 551.2850 179.4782 568.9395 211.6784 1.6933 0.4386 0.8877 -2.6932 2.0480 38.3688 -3.3386 0.7158
30 -1 Car -1 -1 -2.3038 320.7681 181.3161 390.7547 206.1073 1.4343 1.6429 4.2859 -15.7947 1.9785 44.6849 -2.6420 0.4280
30 -1 Car -1 -1 -4.7951 674.0371 182.4273 700.1774 204.4379 1.5610 1.6532 3.8095 5.7889 2.3128 54.7645 -4.6909 -0.5779
30 -1 Car -1 -1 -5.5295 905.9126 171.8467 963.8935 192.7686 1.5399 1.6105 4.0328 24.7998 1.4654 55.2761 -5.1100 -1.1865
30 -1 Car -1 -1 -4.8538 287.1737 178.5201 321.4504 201.9863 1.5465 1.6693 4.0292 -21.5632 1.9617 50.7509 -5.2540 -1.2122
31 -1 Cyclist -1 -1 -6.9566 1083.3733 158.3569 1200.4662 251.4606 1.7857 0.6142 1.8943 10.3901 1.5074 14.1949 -6.3351 7.1485
31 -1 Car -1 -1 -4.5922 654.5432 179.7106 690.8759 207.7263 1.7420 1.9101 4.4935 4.2270 2.2246 48.4303 -4.5062 4.7462
31 -1 Car -1 -1 -7.7140 740.7198 180.4637 776.9594 206.3346 1.4645 1.6434 4.0088 9.1397 1.9540 44.2808 -7.5123 4.6339
31 -1 Pedestrian -1 -1 -3.4038 548.9375 180.2121 566.2307 211.4234 1.6364 0.4333 0.8321 -2.8243 2.0305 38.3332 -3.4774 0.2893
31 -1 Car -1 -1 -4.7025 676.6670 182.7346 699.1783 205.2666 1.5886 1.6404 4.2082 5.9238 2.3711 54.9746 -4.5962 0.1780
31 -1 Car -1 -1 -3.1489 251.8803 179.3238 316.6752 202.8023 1.5143 1.6347 3.9479 -22.1052 1.9671 48.9657 -3.5712 -0.2303
31 -1 Car -1 -1 -2.2631 337.1284 178.5558 401.6578 204.6891 1.5062 1.6156 3.9077 -14.7413 1.8676 44.0541 -2.5846 -0.3898
32 -1 Cyclist -1 -1 -6.9724 1098.5261 158.9675 1218.2053 251.2567 1.7762 0.6159 1.9436 10.7519 1.5086 14.2456 -6.3363 6.0513
32 -1 Car -1 -1 -4.5571 653.6776 180.0827 691.8720 207.6935 1.7105 1.8792 4.5301 4.2298 2.2192 48.3914 -4.4710 5.5299
32 -1 Car -1 -1 -7.7854 742.8375 181.6075 774.4289 206.4827 1.4311 1.6754 4.0144 9.3111 2.0051 45.1867 -7.5840 4.7477
32 -1 Pedestrian -1 -1 -3.2110 548.2435 180.6920 560.4663 211.4054 1.6144 0.5165 0.6131 -3.0004 2.0343 38.3803 -3.2891 0.6019
32 -1 Car -1 -1 -3.1368 255.2074 179.3764 319.6595 202.6986 1.5086 1.6661 3.9427 -21.9412 1.9662 49.0994 -3.5553 0.3752
32 -1 Car -1 -1 -4.8206 673.6053 183.2268 701.2688 204.5478 1.5011 1.6279 4.3480 5.8426 2.3241 55.0937 -4.7160 0.2208
32 -1 Car -1 -1 -2.3107 317.1046 181.3392 387.0591 206.4820 1.4617 1.6533 4.2629 -16.0782 2.0092 44.8456 -2.6534 -0.7272
32 -1 Cyclist -1 -1 -4.1556 0.0000 180.4515 68.3443 287.4691 1.6415 0.5436 1.5039 -9.7960 1.7753 11.9571 -4.8312 -0.8349
32 -1 Car -1 -1 -5.1282 913.7320 171.2726 959.7084 192.8895 1.6013 1.6666 4.1724 25.0539 1.4838 55.5392 -4.7067 -1.2384
32 -1 Car -1 -1 -4.2172 313.5833 179.0056 362.9492 201.4288 1.5467 1.6278 4.1353 -19.9660 2.0176 53.1128 -4.5754 -1.5840
33 -1 Cyclist -1 -1 -6.9612 1115.4242 159.7342 1237.6349 250.1314 1.7457 0.6101 1.9620 11.1231 1.4921 14.2647 -6.3094 6.1860
33 -1 Car -1 -1 -4.5963 655.2249 179.7006 691.1189 207.3874 1.7211 1.8903 4.5858 4.2643 2.2040 48.4936 -4.5097 4.5989
33 -1 Car -1 -1 -7.7838 744.4331 181.4180 775.6354 205.9479 1.4388 1.6750 4.1181 9.5842 2.0116 46.0729 -7.5805 3.5555
33 -1 Pedestrian -1 -1 -3.1987 542.0867 180.6415 560.4963 212.9671 1.7000 0.4394 0.9516 -3.1624 2.1169 38.3670 -3.2810 1.4319
33 -1 Car -1 -1 -5.4301 318.2222 181.6285 386.8300 206.1122 1.4196 1.6533 4.2140 -16.0512 1.9859 44.8428 -5.7722 -0.1646
33 -1 Car -1 -1 -7.8460 290.1616 177.3489 315.9252 201.3507 1.5894 1.6064 3.9018 -21.5667 1.9179 50.6793 -8.2467 -0.5201
33 -1 Car -1 -1 -4.9124 919.9976 172.7054 955.7620 193.8739 1.5575 1.6530 4.3423 25.0840 1.5463 55.3880 -4.4895 -0.8856
33 -1 Car -1 -1 -4.7759 674.4459 182.2689 699.8069 204.0684 1.5442 1.6505 4.1884 5.8210 2.2902 55.0732 -4.6717 -1.4995
34 -1 Cyclist -1 -1 -6.9220 1133.1663 158.3427 1241.0000 250.3984 1.7788 0.6176 1.8869 11.4762 1.4981 14.2774 -6.2555 6.4765
34 -1 Car -1 -1 -4.5824 656.7224 179.9778 692.0720 208.0349 1.7418 1.7969 4.5237 4.3378 2.2432 48.4153 -4.4941 5.2846
34 -1 Car -1 -1 -7.8175 746.2229 181.9422 774.0543 205.8089 1.4260 1.6343 4.0515 9.7638 2.0439 46.9197 -7.6141 3.7136
34 -1 Pedestrian -1 -1 -3.0025 539.7281 180.7950 558.7806 212.3614 1.6628 0.4103 0.9621 -3.2655 2.0872 38.3561 -3.0875 1.3302
34 -1 Car -1 -1 -4.9023 670.9578 182.8220 702.8104 204.6460 1.5383 1.6253 4.2901 5.7951 2.3294 55.0811 -4.7986 0.0355
34 -1 Car -1 -1 -5.0468 915.9227 172.8651 955.5170 193.3139 1.5048 1.5952 3.7570 24.7643 1.5054 55.0392 -4.6263 -0.8328
34 -1 Cyclist -1 -1 -4.9186 343.8096 177.7332 358.3185 203.7375 1.6271 0.5784 1.5117 -16.6337 1.9449 46.2422 -5.2624 -0.9940
34 -1 Car -1 -1 -2.3207 317.8737 180.8722 388.6263 206.2929 1.4801 1.6681 4.2871 -15.9998 1.9972 44.8316 -2.6619 -1.1765
34 -1 Car -1 -1 -4.3138 333.4944 171.0021 384.1328 198.6015 1.7578 1.6931 4.1812 -16.7048 1.6395 48.0953 -4.6466 -1.7043
35 -1 Cyclist -1 -1 -6.9475 1145.9635 158.9204 1241.0000 248.9957 1.7490 0.6037 1.8833 11.7571 1.4781 14.3235 -6.2706 6.4777
35 -1 Car -1 -1 -4.5808 654.7518 179.8171 691.7047 207.6832 1.7319 1.9019 4.5148 4.2651 2.2225 48.4591 -4.4941 4.4930
35 -1 Car -1 -1 -7.8326 747.6965 181.0773 774.2983 205.7920 1.5107 1.6468 4.3137 10.0293 2.0825 47.9133 -7.6280 3.5581
35 -1 Pedestrian -1 -1 -2.9364 536.2964 181.0960 554.8705 211.8968 1.6192 0.4210 0.9167 -3.4591 2.0598 38.3341 -3.0263 0.8932
35 -1 Car -1 -1 -2.3480 319.0776 180.8943 390.0742 205.7722 1.4476 1.6467 4.2445 -15.8804 1.9644 44.7350 -2.6876 -0.5631
35 -1 Car -1 -1 -4.7551 674.6553 182.5464 699.0114 204.2459 1.5333 1.6574 4.2426 5.8010 2.3021 55.0887 -4.6513 -0.7712
35 -1 Car -1 -1 -5.4189 1158.6332 177.4690 1241.0000 206.2539 1.4466 1.5805 3.8549 31.7772 1.7071 38.8319 -4.7372 -0.8010
35 -1 Car -1 -1 -5.0207 915.0408 172.4174 954.5274 193.5835 1.5564 1.5969 4.0065 24.7335 1.5240 55.1374 -4.6013 -1.0429
35 -1 Car -1 -1 -7.9327 292.0139 177.6479 321.3234 201.4772 1.5825 1.6108 3.7772 -21.4092 1.9333 50.7889 -8.3300 -1.2977
35 -1 Pedestrian -1 -1 -6.2901 1147.2365 164.5722 1160.7959 192.5578 1.7499 0.5457 0.6770 34.2952 1.2318 45.5371 -5.6480 -1.3275
35 -1 Car -1 -1 -6.5130 1195.9280 167.8938 1241.0000 201.7503 1.5161 1.6465 3.8202 30.1351 1.2936 33.9372 -5.7914 -1.8171
35 -1 Car -1 -1 -4.9777 333.3726 173.7388 373.1780 200.6147 1.6950 1.5651 3.6725 -16.9947 1.7554 47.5890 -5.3192 -2.0246
36 -1 Car -1 -1 -4.5790 654.7474 180.1232 692.3300 207.8467 1.7194 1.9335 4.5291 4.2851 2.2315 48.4399 -4.4918 5.0801
36 -1 Cyclist -1 -1 -6.9001 1161.3597 157.2802 1241.0000 249.2301 1.7793 0.6286 1.7894 12.0630 1.4776 14.3398 -6.2112 3.6060
36 -1 Car -1 -1 -7.8258 748.9285 181.0446 775.0087 205.6725 1.5395 1.6179 4.0666 10.2589 2.1167 48.7092 -7.6199 3.2092
36 -1 Pedestrian -1 -1 -2.9809 534.8740 181.6384 550.7033 212.0322 1.5985 0.4668 0.7737 -3.6093 2.0683 38.3554 -3.0747 0.5197
36 -1 Car -1 -1 -2.3070 319.9060 181.1541 388.2592 205.9843 1.4426 1.6426 4.1411 -15.9253 1.9769 44.7673 -2.6472 0.3044
36 -1 Car -1 -1 -4.8362 673.3044 183.1376 701.7683 204.4857 1.5034 1.6254 4.3434 5.8508 2.3197 55.1071 -4.7315 0.2205
36 -1 Car -1 -1 -7.9634 286.9084 179.4092 318.7841 202.6196 1.5219 1.6391 3.9277 -21.6080 2.0007 50.6182 -8.3653 -0.1988
36 -1 Car -1 -1 -4.0250 366.1924 179.5066 424.5422 205.0894 1.4640 1.4810 3.5988 -13.1425 1.8897 44.2494 -4.3124 -0.5945
36 -1 Car -1 -1 -5.1305 913.6331 171.1930 959.7661 192.8677 1.6055 1.6655 4.1841 25.0522 1.4821 55.5398 -4.7090 -1.3223
37 -1 Car -1 -1 -4.5661 656.3950 179.9953 692.2639 207.8396 1.7296 1.7715 4.4606 4.3326 2.2320 48.4135 -4.4779 5.3696
37 -1 Car -1 -1 -7.7821 748.1089 181.2852 776.7307 205.3084 1.5283 1.6478 4.0318 10.4768 2.1327 49.5861 -7.5756 2.8086
37 -1 Pedestrian -1 -1 -3.3655 536.1536 180.2964 545.6230 211.7475 1.6537 0.4089 0.4199 -3.7103 2.0514 38.3228 -3.4619 0.8538
37 -1 Cyclist -1 -1 -7.0453 1176.5884 160.7891 1241.0000 248.9163 1.7198 0.4971 1.7917 12.3032 1.4840 14.3869 -6.3483 0.7814
37 -1 Car -1 -1 -4.6686 677.2210 182.1006 701.0407 204.1843 1.5615 1.6307 4.2305 6.0454 2.2955 55.0875 -4.5604 -0.5906
37 -1 Car -1 -1 -5.0325 912.6885 173.0030 955.3163 194.0455 1.5471 1.6635 4.4123 24.7624 1.5587 55.3576 -4.6141 -1.0108
37 -1 Cyclist -1 -1 -4.8952 344.0430 177.5402 358.0013 203.4871 1.6233 0.5765 1.5152 -16.6319 1.9284 46.2297 -5.2390 -1.3754
37 -1 Car -1 -1 -2.3212 316.0146 180.3796 385.1812 205.7821 1.4876 1.6542 4.1730 -16.2042 1.9737 44.9465 -2.6656 -1.7939
37 -1 Car -1 -1 -4.2052 330.2007 170.9198 386.4987 198.6525 1.7646 1.7011 4.2321 -16.7472 1.6412 48.1407 -4.5386 -1.9198
37 -1 Cyclist -1 -1 -3.9633 0.0000 189.9325 83.0364 289.3599 1.4930 0.5138 1.4591 -9.5330 1.7907 11.8399 -4.6304 -2.1008
37 -1 Car -1 -1 -3.1081 254.6950 178.6646 321.2971 202.1790 1.5281 1.6549 4.0842 -21.9117 1.9361 49.1781 -3.5255 -2.1664
38 -1 Car -1 -1 -4.5692 654.9919 179.9264 692.4415 207.4962 1.7107 1.8794 4.5576 4.2982 2.2092 48.4532 -4.4818 4.7720
38 -1 Car -1 -1 -7.8383 750.3325 181.0793 774.1766 202.8752 1.4144 1.5712 3.9858 10.6569 2.0143 50.5369 -7.6321 1.7928
38 -1 Pedestrian -1 -1 -6.5952 1205.4834 172.1475 1241.0000 249.0291 1.5010 0.5225 0.6568 12.3821 1.4869 14.4525 -5.8973 1.4190
38 -1 Pedestrian -1 -1 -3.2279 530.1395 181.5008 546.5864 212.9164 1.6479 0.4620 0.8319 -3.8451 2.1105 38.3205 -3.3278 0.7674
38 -1 Car -1 -1 -5.4327 317.2119 181.2586 385.9238 205.7427 1.4220 1.6499 4.2169 -16.1125 1.9644 44.8485 -5.7761 0.3637
38 -1 Car -1 -1 -4.7877 674.9862 182.4886 699.7615 204.1241 1.5387 1.5946 3.5800 5.8106 2.2936 54.7437 -4.6830 -0.6067
38 -1 Car -1 -1 -7.8387 289.0166 177.8776 314.8948 201.4325 1.5550 1.6061 3.8039 -21.5873 1.9212 50.5779 -8.2404 -0.7543
38 -1 Car -1 -1 -4.9183 335.0992 173.7950 373.1186 200.4608 1.6823 1.6076 3.8994 -17.0006 1.7470 47.7509 -5.2588 -1.8631
39 -1 Car -1 -1 -4.6199 655.1651 179.6413 690.2379 207.9462 1.7614 1.9387 4.5881 4.2324 2.2401 48.4951 -4.5340 4.3970
39 -1 Car -1 -1 -7.7853 748.9195 182.2780 775.8788 204.2472 1.4490 1.6301 3.8044 10.8564 2.1469 51.4035 -7.5788 1.6921
39 -1 Pedestrian -1 -1 -3.1485 527.9633 180.4873 544.4754 212.1047 1.6631 0.3993 0.8679 -3.9581 2.0708 38.3179 -3.2513 0.8875
39 -1 Car -1 -1 -4.7513 676.1356 182.8364 699.4911 204.4149 1.5288 1.6105 3.6337 5.8416 2.3113 54.7137 -4.6461 0.0686
39 -1 Car -1 -1 -2.2987 318.9695 180.3832 388.2343 205.8446 1.4832 1.6624 4.2282 -15.9722 1.9688 44.8110 -2.6396 -0.4856
39 -1 Car -1 -1 -7.7223 1230.0656 172.6585 1241.0000 252.3165 1.4570 1.6562 3.8916 14.4194 1.4531 15.0702 -6.9691 -0.5615
39 -1 Car -1 -1 -4.2234 316.0831 178.7064 363.5121 200.5064 1.5084 1.5780 3.9901 -19.8627 1.9559 53.1256 -4.5799 -1.3742
39 -1 Car -1 -1 -3.8327 365.8798 180.1579 437.5775 206.0052 1.4600 1.5868 4.1549 -12.7134 1.9284 44.1402 -4.1119 -2.0647
40 -1 Car -1 -1 -4.5662 654.4280 179.6696 692.5547 207.4459 1.7266 1.9130 4.5662 4.2873 2.2074 48.4916 -4.4791 4.8844
40 -1 Car -1 -1 -7.7721 749.6312 182.1827 776.9887 203.8799 1.4552 1.6297 3.9981 11.1330 2.1600 52.3881 -7.5644 1.4466
40 -1 Pedestrian -1 -1 -3.0386 526.7971 178.8792 538.2433 211.0472 1.6956 0.4014 0.5665 -4.1511 2.0169 38.3113 -3.1463 0.4635
40 -1 Car -1 -1 -5.4330 317.7834 181.1331 386.8375 205.7196 1.4274 1.6673 4.2256 -16.0586 1.9616 44.8271 -5.7755 -0.2537
40 -1 Car -1 -1 -4.8650 673.4943 182.1946 701.5029 203.9204 1.5462 1.5782 3.5756 5.8171 2.2782 54.7421 -4.7602 -0.7802
40 -1 Car -1 -1 -7.8891 288.9459 177.8142 315.8419 201.6402 1.5720 1.6020 3.7247 -21.5755 1.9326 50.4763 -8.2914 -0.9416
40 -1 Car -1 -1 -4.8936 921.9094 172.5641 955.7251 193.8383 1.5644 1.6305 4.0858 25.0928 1.5428 55.2366 -4.4695 -1.3480
41 -1 Car -1 -1 -4.6002 655.7651 179.6508 691.2164 207.6439 1.7422 1.8801 4.5726 4.2866 2.2217 48.5108 -4.5132 4.5008
41 -1 Car -1 -1 -7.7759 749.5645 181.9571 776.0974 202.7107 1.4213 1.6324 3.8062 11.2837 2.1190 53.2733 -7.5688 1.7329
41 -1 Pedestrian -1 -1 -2.7945 522.9971 179.0598 535.9386 211.2580 1.6933 0.4190 0.5751 -4.3146 2.0249 38.3206 -2.9064 0.9562
41 -1 Car -1 -1 -7.9530 291.7402 178.3683 322.4740 202.4037 1.5871 1.6150 3.8926 -21.3432 1.9903 50.7012 -8.3499 -0.4024
41 -1 Car -1 -1 -2.3309 319.7698 181.1606 389.1559 206.0908 1.4501 1.6449 4.1603 -15.8982 1.9844 44.7634 -2.6706 -0.4810
41 -1 Car -1 -1 -4.8789 673.2080 182.1838 701.8321 203.7095 1.5301 1.5762 3.5872 5.8157 2.2611 54.7199 -4.7741 -0.5154
41 -1 Car -1 -1 -5.0719 911.2284 172.4703 955.4779 193.8213 1.5736 1.6668 4.3317 24.7266 1.5451 55.3899 -4.6544 -1.0151
41 -1 Car -1 -1 -4.9779 333.4236 175.3930 372.8396 201.2657 1.6231 1.5508 3.6275 -16.9990 1.7970 47.5765 -5.3196 -2.1915
42 -1 Car -1 -1 -4.6017 656.1719 179.7306 691.7262 207.9462 1.7542 1.8905 4.5841 4.3148 2.2391 48.4781 -4.5141 4.5839
42 -1 Pedestrian -1 -1 -3.0721 517.7789 181.5857 535.4111 212.3805 1.6172 0.4926 0.8986 -4.4640 2.0838 38.3109 -3.1878 1.6407
42 -1 Car -1 -1 -4.6982 751.0827 180.4076 773.9336 200.8183 1.4265 1.6181 4.1228 11.4569 2.0169 54.2358 -4.4916 1.3694
42 -1 Car -1 -1 -2.3464 268.0425 179.5205 325.4537 202.4553 1.5187 1.5966 3.5883 -21.7440 1.9936 50.0176 -2.7548 -0.4641
42 -1 Car -1 -1 -4.9153 672.3266 182.2341 702.4474 203.8501 1.5350 1.5728 3.5786 5.8034 2.2701 54.7086 -4.8107 -0.4939
42 -1 Car -1 -1 -2.3193 318.5753 180.8909 386.9763 205.9200 1.4591 1.6393 4.1173 -16.0235 1.9767 44.8198 -2.6611 -0.6041
42 -1 Car -1 -1 -4.9009 920.4522 173.2016 955.4647 193.8442 1.5161 1.6462 4.3352 25.0825 1.5435 55.3689 -4.4778 -0.9707
42 -1 Car -1 -1 -4.3441 334.4991 170.5323 384.4791 199.3167 1.8296 1.7186 4.2612 -16.6330 1.6817 48.0220 -4.6761 -1.4966
43 -1 Car -1 -1 -4.5779 655.6896 179.8682 691.8922 207.3407 1.7024 1.8237 4.6082 4.2987 2.1965 48.4106 -4.4904 5.1147
43 -1 Pedestrian -1 -1 -3.4181 515.6780 181.3153 534.2448 212.7681 1.6405 0.5625 0.8571 -4.5525 2.0942 38.2873 -3.5362 1.2522
43 -1 Car -1 -1 -7.8532 752.4746 180.1182 774.5002 200.1509 1.4353 1.5925 3.8297 11.7107 2.0114 55.2146 -7.6457 1.1782
43 -1 Car -1 -1 -2.3431 268.4536 179.9624 324.9142 202.9645 1.5215 1.5897 3.5132 -21.7390 2.0275 49.9962 -2.7516 0.0469
43 -1 Car -1 -1 -4.7251 681.1468 182.0164 702.7545 203.9947 1.5600 1.5700 3.5705 6.1462 2.2767 54.6127 -4.6141 -0.3253
43 -1 Car -1 -1 -5.0556 913.4073 172.2300 955.7363 193.5284 1.5688 1.6418 4.1506 24.7747 1.5225 55.2775 -4.6366 -0.4361
43 -1 Car -1 -1 -2.3124 318.1738 180.9335 387.3250 206.0875 1.4655 1.6501 4.1936 -16.0361 1.9865 44.8466 -2.6542 -0.7184
43 -1 Car -1 -1 -4.2605 332.0359 171.4803 385.7990 199.1111 1.7568 1.7036 4.2279 -16.6881 1.6692 48.0763 -4.5932 -2.1944
44 -1 Car -1 -1 -4.6048 655.3026 179.7659 690.3425 207.7607 1.7427 1.8804 4.4824 4.2368 2.2295 48.4722 -4.5187 5.0227
44 -1 Pedestrian -1 -1 -2.8406 512.3071 179.3622 531.2431 211.3869 1.6832 0.3909 0.9238 -4.7216 2.0309 38.3096 -2.9629 1.1920
44 -1 Car -1 -1 -4.6578 750.7002 180.9092 774.9647 201.4440 1.4878 1.6361 4.0693 11.8978 2.1388 56.1631 -4.4506 1.0706
44 -1 Car -1 -1 -4.6961 679.4009 183.2419 700.6844 205.1972 1.5519 1.5512 3.6600 6.0674 2.3670 54.7253 -4.5868 0.2132
44 -1 Car -1 -1 -2.3233 319.0422 180.8986 388.3469 206.0130 1.4628 1.6365 4.1859 -15.9586 1.9807 44.7960 -2.6639 -0.5869
44 -1 Car -1 -1 -4.2477 316.2564 178.6116 360.9827 200.5678 1.5241 1.5605 3.7499 -19.9293 1.9627 53.0549 -4.6057 -0.9734
44 -1 Car -1 -1 -2.9607 259.3816 178.8636 323.1545 201.8294 1.5131 1.6517 3.7593 -21.8090 1.9347 49.4221 -3.3746 -2.1706
45 -1 Car -1 -1 -4.6066 655.6335 179.7441 690.3343 207.7952 1.7462 1.8652 4.4767 4.2459 2.2313 48.4581 -4.5203 4.9788
45 -1 Car -1 -1 -7.9303 750.5013 180.9939 774.8543 201.0296 1.4905 1.6017 3.6619 12.0343 2.1566 57.1545 -7.7242 1.2659
45 -1 Pedestrian -1 -1 -2.8352 509.6908 179.9774 527.7339 211.7484 1.6688 0.3806 0.8760 -4.8812 2.0491 38.2851 -2.9617 1.1125
45 -1 Car -1 -1 -3.1205 252.5207 178.2761 317.4002 202.0676 1.5426 1.6422 3.9575 -22.0529 1.9220 49.0049 -3.5416 0.1019
45 -1 Car -1 -1 -4.6803 678.7599 183.1072 700.9534 205.1053 1.5540 1.5614 3.7065 6.0549 2.3590 54.7288 -4.5712 0.0893
45 -1 Car -1 -1 -2.2625 336.7237 178.9881 400.4401 204.6127 1.4754 1.5927 3.8612 -14.7899 1.8640 44.0524 -2.5849 -0.5074
45 -1 Car -1 -1 -4.2094 315.0292 178.5431 362.5328 200.9540 1.5509 1.5601 3.9395 -19.9068 1.9850 53.0406 -4.5671 -1.5687
46 -1 Car -1 -1 -4.6014 655.1326 180.0507 690.7825 207.9714 1.7340 1.9024 4.5073 4.2443 2.2408 48.4432 -4.5151 5.2623
46 -1 Pedestrian -1 -1 -3.1973 507.9120 179.5994 524.6723 212.0099 1.6992 0.4516 0.8569 -5.0086 2.0593 38.2539 -3.3271 1.7682
46 -1 Car -1 -1 -4.7437 676.5297 183.0596 699.3304 204.7155 1.5341 1.5971 3.5978 5.8512 2.3338 54.7119 -4.6383 -0.0082
46 -1 Car -1 -1 -4.2422 316.4722 178.3619 361.6689 200.4166 1.5313 1.5671 3.7758 -19.8906 1.9509 53.0423 -4.5996 -0.6179
46 -1 Car -1 -1 -3.1263 731.0049 184.4104 781.2433 204.3793 1.5132 1.6276 3.8540 11.5679 2.4495 57.2730 -2.9285 -0.8565
46 -1 Car -1 -1 -2.2840 320.3674 180.3070 390.1531 205.7816 1.4800 1.6481 4.3348 -15.8537 1.9605 44.7571 -2.6229 -1.2846
46 -1 Pedestrian -1 -1 -1.9390 345.5170 176.2071 359.7393 202.8115 1.6735 0.6337 0.7303 -16.4399 1.8891 45.9914 -2.2808 -2.1556
47 -1 Car -1 -1 -4.5974 655.7294 179.5401 691.3828 207.7508 1.7567 1.8828 4.5534 4.2898 2.2283 48.4980 -4.5103 4.2357
47 -1 Pedestrian -1 -1 -2.9869 503.8987 180.5021 522.3376 211.5095 1.6311 0.3746 0.9224 -5.1724 2.0384 38.2502 -3.1209 1.0495
47 -1 Car -1 -1 -7.8504 751.4003 184.2163 772.2505 203.4455 1.4603 1.6228 3.8632 12.4481 2.4259 59.2837 -7.6450 0.7018
47 -1 Car -1 -1 -7.8979 289.2390 177.7365 317.2835 201.7353 1.5823 1.6370 3.9983 -21.5732 1.9390 50.6065 -8.2993 -0.4815
47 -1 Car -1 -1 -4.8961 672.7936 182.5578 702.1736 204.3714 1.5491 1.5815 3.5625 5.8119 2.3093 54.7132 -4.7914 -0.6312
47 -1 Car -1 -1 -5.4394 317.8383 181.1458 386.6901 205.6493 1.4242 1.6458 4.2144 -16.0676 1.9592 44.8453 -5.7819 -0.6712
47 -1 Car -1 -1 -5.0424 914.0797 172.4578 955.3639 193.5726 1.5555 1.6253 4.1101 24.7870 1.5260 55.2751 -4.6232 -0.7221
47 -1 Car -1 -1 -4.8415 341.2089 173.0792 374.4225 200.4827 1.7315 1.5927 3.8223 -16.7319 1.7467 47.6890 -5.1775 -2.0619
48 -1 Car -1 -1 -4.5687 654.5587 179.9508 692.4171 207.6272 1.7162 1.9003 4.5860 4.2833 2.2165 48.4488 -4.4816 4.9690
48 -1 Pedestrian -1 -1 -3.0132 502.8261 180.1088 519.9715 211.5825 1.6546 0.4057 0.8557 -5.2612 2.0408 38.2338 -3.1495 1.2653
48 -1 Car -1 -1 -7.8305 751.0135 183.4730 771.9187 202.8955 1.5080 1.6287 3.8580 12.6660 2.4261 60.3407 -7.6251 0.9264
48 -1 Car -1 -1 -2.2991 320.3611 180.9494 390.4977 205.8801 1.4442 1.6410 4.3172 -15.8217 1.9651 44.7005 -2.6378 0.4138
48 -1 Car -1 -1 -4.6903 679.2665 182.8562 700.7726 204.8986 1.5589 1.5464 3.7308 6.0691 2.3446 54.7492 -4.5811 0.0605
48 -1 Car -1 -1 -4.6919 292.8303 178.1943 320.6641 202.3737 1.5856 1.7085 4.2582 -21.2636 1.9770 50.6240 -5.0880 -0.3699
48 -1 Car -1 -1 -5.4736 906.6523 172.3201 962.9535 192.9081 1.5177 1.6049 4.0127 24.8242 1.4780 55.3495 -5.0543 -0.8816
49 -1 Car -1 -1 -4.5755 656.3919 179.8694 691.8969 207.8440 1.7390 1.7864 4.4652 4.3206 2.2326 48.4202 -4.4876 5.1278
49 -1 Car -1 -1 -7.8557 752.3192 184.0097 772.5611 203.1994 1.5131 1.6327 3.9292 12.9391 2.4946 61.4126 -7.6495 0.3668
49 -1 Pedestrian -1 -1 -2.8062 500.3940 179.4181 518.1124 211.3410 1.6737 0.4230 0.8376 -5.3762 2.0238 38.2369 -2.9455 0.2588
49 -1 Car -1 -1 -5.4111 318.6053 181.5511 386.7962 205.9914 1.4146 1.6380 4.2526 -16.0317 1.9759 44.8108 -5.7531 -0.0280
49 -1 Car -1 -1 -5.0485 912.5929 172.1337 955.7466 193.7754 1.5939 1.6632 4.3512 24.7845 1.5405 55.3774 -4.6300 -0.3566
49 -1 Car -1 -1 -4.9214 672.1829 182.6282 702.5800 204.5257 1.5535 1.5758 3.5702 5.8024 2.3194 54.7045 -4.8168 -0.7256
49 -1 Cyclist -1 -1 -4.9772 343.0533 178.2817 358.6353 203.7133 1.5884 0.5537 1.5474 -16.6320 1.9416 46.1977 -5.3212 -1.5093
49 -1 Car -1 -1 -7.8569 289.9049 178.5534 315.2858 201.8797 1.5403 1.5832 3.5794 -21.5698 1.9548 50.5574 -8.2585 -2.1746
50 -1 Car -1 -1 -4.6222 655.7169 179.9249 690.0651 207.7585 1.7310 1.9078 4.4805 4.2391 2.2287 48.4511 -4.5360 4.7853
50 -1 Pedestrian -1 -1 -4.9422 499.2987 178.9302 512.7472 211.9104 1.7137 0.4819 1.0353 -5.5576 2.0405 38.2714 -5.0859 0.9710
50 -1 Car -1 -1 -4.6822 749.4482 184.7894 770.4727 203.3961 1.4839 1.6692 4.1143 13.0033 2.5547 62.5540 -4.4787 0.1328
50 -1 Car -1 -1 -4.8250 674.1735 182.5094 700.7603 204.4115 1.5561 1.5969 3.6200 5.8088 2.3118 54.6816 -4.7203 -0.5184
50 -1 Car -1 -1 -4.2909 317.3106 178.3103 362.7101 201.2182 1.5894 1.6077 4.0589 -19.8483 2.0066 53.1302 -4.6471 -1.4797
50 -1 Pedestrian -1 -1 -8.1303 345.9877 176.5787 359.1717 203.0889 1.6670 0.6030 0.7764 -16.4464 1.9067 45.9995 -8.4722 -2.0436
50 -1 Car -1 -1 -2.3101 318.9159 180.8438 389.3288 205.9629 1.4591 1.6594 4.2924 -15.9237 1.9738 44.7657 -2.6503 -2.1220
51 -1 Car -1 -1 -4.6036 654.8940 179.7929 690.8965 207.6706 1.7319 1.9316 4.5479 4.2415 2.2208 48.4470 -4.5174 4.8497
51 -1 Pedestrian -1 -1 -3.0728 493.4533 180.1122 511.4799 211.8800 1.6636 0.4371 0.9154 -5.7222 2.0497 38.1562 -3.2212 1.0606
51 -1 Car -1 -1 -4.7820 675.5013 182.7536 700.3410 204.5425 1.5448 1.6122 3.6474 5.8454 2.3202 54.6892 -4.6766 -0.1437
51 -1 Car -1 -1 -4.6337 749.0593 183.6573 772.5938 202.6762 1.5446 1.6977 4.4169 13.3091 2.5323 63.6338 -4.4290 -0.5194
51 -1 Car -1 -1 -5.0639 913.2532 172.1081 955.8190 193.7378 1.5921 1.6427 4.1062 24.7439 1.5369 55.2141 -4.6449 -0.7146
51 -1 Car -1 -1 -2.2779 320.1557 180.3345 388.8179 205.9053 1.4877 1.6478 4.2585 -15.9155 1.9703 44.7980 -2.6177 -0.7440
51 -1 Car -1 -1 -4.2627 315.9454 178.7753 362.1853 200.8448 1.5283 1.5998 4.0137 -19.9254 1.9812 53.1494 -4.6201 -1.2669
51 -1 Car -1 -1 -3.8840 366.4958 179.7108 436.6374 205.5266 1.4614 1.6036 4.1267 -12.7331 1.9017 44.1822 -4.1633 -1.7652
52 -1 Car -1 -1 -4.6033 655.7261 180.1117 691.1276 207.6691 1.7114 1.9002 4.4341 4.2718 2.2217 48.4111 -4.5164 5.3667
52 -1 Pedestrian -1 -1 -2.9957 491.2672 179.7033 509.3818 211.4322 1.6669 0.4424 0.8944 -5.8466 2.0316 38.2272 -3.1470 1.0777
52 -1 Car -1 -1 -4.7618 749.8378 183.9902 771.2682 202.4714 1.5333 1.6675 4.0495 13.4155 2.5622 64.5555 -4.5584 0.3379
52 -1 Car -1 -1 -4.7069 680.6843 182.5695 702.2365 204.5922 1.5617 1.5692 3.4998 6.1412 2.3214 54.6107 -4.5960 0.1865
52 -1 Car -1 -1 -3.1234 254.7203 179.4218 318.7822 202.8575 1.5163 1.6456 3.9151 -21.9579 1.9763 49.0568 -3.5425 0.1019
52 -1 Car -1 -1 -2.3080 317.0531 181.4849 387.8006 206.5499 1.4542 1.6435 4.3477 -16.0482 2.0109 44.8170 -2.6503 -0.5689
52 -1 Car -1 -1 -4.2509 314.3196 179.4680 361.0864 201.6403 1.5299 1.6062 3.9930 -20.0034 2.0353 53.0900 -4.6099 -1.8668
53 -1 Car -1 -1 -4.5940 654.9709 179.9402 690.7385 207.7054 1.7253 1.8810 4.4879 4.2370 2.2242 48.4418 -4.5079 5.1825
53 -1 Pedestrian -1 -1 -3.2395 489.6264 179.7307 506.8534 211.5241 1.6635 0.4449 0.8620 -5.9592 2.0305 38.2146 -3.3937 1.0922
53 -1 Car -1 -1 -4.7589 679.4818 183.1753 702.4837 205.0301 1.5465 1.5546 3.6449 6.0795 2.3552 54.6884 -4.6494 0.2474
53 -1 Car -1 -1 -4.6246 748.9218 185.0366 771.3660 202.8266 1.4933 1.6562 4.1256 13.6999 2.6416 65.8124 -4.4208 -0.1731
53 -1 Car -1 -1 -2.2917 319.0795 180.3680 388.2474 205.9730 1.4917 1.6628 4.2436 -15.9752 1.9765 44.8277 -2.6325 -0.8551
53 -1 Car -1 -1 -4.7774 689.7104 185.0822 710.3010 202.5190 1.4925 1.6215 4.0183 8.2683 2.6572 66.6904 -4.6551 -1.0404
53 -1 Car -1 -1 -4.2160 316.3374 178.4309 362.5781 200.7441 1.5485 1.5672 3.7846 -19.8634 1.9735 53.0472 -4.5729 -1.0797
54 -1 Car -1 -1 -4.5680 655.1302 179.9743 691.7556 207.3443 1.6940 1.8162 4.5282 4.2670 2.1943 48.3239 -4.4810 5.5949
54 -1 Car -1 -1 -4.7077 750.4491 184.2126 768.9419 201.7594 1.5063 1.6269 3.9671 13.8359 2.5904 66.7789 -4.5048 0.8062
54 -1 Pedestrian -1 -1 -2.7681 486.3141 179.7412 503.9445 211.4797 1.6606 0.4148 0.8268 -6.1139 2.0274 38.1682 -2.9264 0.6054
54 -1 Car -1 -1 -4.7138 680.7440 182.5619 702.2773 204.6107 1.5635 1.5673 3.4961 6.1305 2.3222 54.5932 -4.6031 0.2784
54 -1 Car -1 -1 -2.3121 317.9667 181.3454 389.4404 206.3095 1.4468 1.6541 4.3837 -15.9536 1.9941 44.7736 -2.6528 -0.7015
54 -1 Car -1 -1 -3.1958 257.3192 179.7118 319.4191 202.6624 1.4794 1.6162 3.7744 -21.8825 1.9601 49.0317 -3.6138 -1.0694
54 -1 Car -1 -1 -4.7818 690.2106 184.7160 710.9848 203.5786 1.6113 1.6144 3.8719 8.2493 2.7302 66.0995 -4.6587 -1.3195
54 -1 Cyclist -1 -1 -3.9273 0.0000 184.7377 84.3282 288.1469 1.5713 0.5223 1.4449 -9.5573 1.7790 11.8837 -4.5938 -1.4011
55 -1 Car -1 -1 -4.6101 655.2757 179.8564 690.0840 207.7707 1.7361 1.8849 4.5046 4.2265 2.2293 48.4630 -4.5242 5.0039
55 -1 Pedestrian -1 -1 -3.2840 483.3452 178.8730 501.0298 211.4124 1.6944 0.5111 0.8570 -6.2584 2.0149 38.0826 -3.4463 1.1272
55 -1 Car -1 -1 -4.6492 678.1215 182.9704 701.6765 205.0151 1.5568 1.5491 3.7450 6.0617 2.3518 54.7481 -4.5400 0.1621
55 -1 Car -1 -1 -5.4262 316.8581 181.0533 384.2086 205.6180 1.4315 1.6287 4.1484 -16.2050 1.9614 44.9272 -5.7708 -0.0411
55 -1 Car -1 -1 -4.8072 747.1128 184.9057 769.0274 202.1282 1.5027 1.6384 4.0186 13.8939 2.6724 67.9590 -4.6069 -0.3254
55 -1 Car -1 -1 -7.4700 278.3857 177.6806 325.1547 201.2446 1.5560 1.6277 3.9911 -21.5296 1.9068 50.4779 -7.8715 -1.9691
56 -1 Car -1 -1 -4.5996 655.8102 179.7501 691.1508 207.6592 1.7357 1.8706 4.5559 4.2835 2.2220 48.4876 -4.5126 4.4507
56 -1 Pedestrian -1 -1 -3.1990 481.3991 180.3768 498.4698 212.2420 1.6647 0.4345 0.8665 -6.3880 2.0653 38.1468 -3.3643 1.0065
56 -1 Car -1 -1 -4.9352 671.8971 182.2967 702.9272 204.0742 1.5453 1.5715 3.6107 5.8055 2.2858 54.7198 -4.8306 -0.4171
56 -1 Car -1 -1 -7.8988 287.3708 177.4868 315.4224 201.1833 1.5596 1.6292 3.9542 -21.6406 1.8970 50.4591 -8.3023 -0.4740
56 -1 Car -1 -1 -4.6394 690.3755 184.4534 711.2383 202.9711 1.5556 1.5975 3.9230 8.2213 2.6385 65.2995 -4.5152 -0.8809
56 -1 Car -1 -1 -2.3345 318.1432 180.9331 387.2603 206.0843 1.4676 1.6406 4.1369 -16.0309 1.9879 44.8315 -2.6763 -0.8896
56 -1 Car -1 -1 -5.0401 913.9384 172.2498 955.1491 193.5400 1.5690 1.6238 4.1275 24.7869 1.5242 55.3054 -4.6211 -1.0976
56 -1 Car -1 -1 -4.6724 748.5186 184.1279 767.4781 201.6220 1.5506 1.6230 3.7756 14.0706 2.6537 68.5924 -4.4714 -1.4558
56 -1 Car -1 -1 -4.9198 335.6098 173.1896 372.8026 200.7154 1.7399 1.5813 3.7290 -16.9600 1.7627 47.6614 -5.2601 -1.7334
57 -1 Car -1 -1 -4.5831 655.1053 179.8010 692.0260 207.5236 1.7204 1.8974 4.6061 4.2889 2.2103 48.4594 -4.4959 5.0390
57 -1 Pedestrian -1 -1 -3.0851 478.9613 180.1909 497.2859 211.8912 1.6614 0.3780 0.9363 -6.4827 2.0517 38.1670 -3.2527 0.8120
57 -1 Car -1 -1 -5.3123 324.7939 180.8136 387.8347 205.6988 1.4314 1.6169 4.1457 -15.7352 1.9437 44.5837 -5.6500 0.2825
57 -1 Car -1 -1 -4.7431 677.3341 182.7927 700.1432 204.5845 1.5449 1.5992 3.6125 5.9125 2.3239 54.7132 -4.6366 0.0468
57 -1 Car -1 -1 -4.7961 687.2192 184.4038 708.8845 203.1660 1.5776 1.6254 3.6088 7.8525 2.6432 64.7580 -4.6765 -1.5493
57 -1 Car -1 -1 -3.2282 255.7623 179.8545 326.6532 203.1684 1.4975 1.6683 4.2926 -21.7405 1.9913 49.1670 -3.6428 -1.7032
57 -1 Car -1 -1 -5.2201 913.3378 171.3770 961.5085 192.5711 1.5696 1.6130 4.0163 25.0943 1.4599 55.5043 -4.7978 -2.0062
58 -1 Car -1 -1 -4.6125 655.4099 179.8923 689.8477 207.7234 1.7318 1.8732 4.4816 4.2233 2.2275 48.4734 -4.5267 5.0796
58 -1 Pedestrian -1 -1 -2.4720 475.6672 179.7299 494.4911 211.0459 1.6285 0.4221 0.9150 -6.6363 1.9952 38.1037 -2.6438 0.9369
58 -1 Car -1 -1 -4.6944 679.3130 183.2873 700.6245 205.1442 1.5446 1.5475 3.6548 6.0617 2.3632 54.7240 -4.5852 0.2137
58 -1 Car -1 -1 -2.2725 336.7396 179.0414 400.8386 204.6615 1.4750 1.5927 3.8646 -14.7721 1.8668 44.0392 -2.5946 -0.5810
58 -1 Car -1 -1 -3.0633 257.0166 178.6641 322.9018 202.1194 1.5293 1.6585 3.9877 -21.7894 1.9368 49.2007 -3.4784 -0.9460
58 -1 Car -1 -1 -4.6148 692.3196 183.9792 714.2131 202.4744 1.5418 1.6030 3.5642 8.3212 2.5635 64.3692 -4.4874 -1.1039
58 -1 Car -1 -1 -4.2464 316.2889 178.4744 361.4233 200.4569 1.5258 1.5689 3.7885 -19.9110 1.9541 53.0554 -4.6040 -1.2609
59 -1 Car -1 -1 -4.5701 654.8627 180.2881 691.7666 207.6393 1.6910 1.8411 4.5619 4.2625 2.2140 48.3617 -4.4833 4.8422
59 -1 Car -1 -1 -3.1213 255.0732 180.0248 323.2781 202.9664 1.4818 1.6843 4.1825 -21.8399 1.9860 49.1771 -3.5375 0.6429
59 -1 Pedestrian -1 -1 -3.0086 473.5208 179.5826 491.0212 211.2590 1.6561 0.4035 0.8629 -6.7697 2.0126 38.0370 -3.1840 0.4374
59 -1 Car -1 -1 -4.7108 680.7466 182.5588 702.3004 204.5930 1.5629 1.5694 3.4962 6.1391 2.3217 54.6125 -4.6000 0.2014
59 -1 Car -1 -1 -2.3079 316.8819 181.2128 388.7467 206.2863 1.4546 1.6600 4.4290 -16.0267 1.9941 44.8216 -2.6497 -0.5481
59 -1 Cyclist -1 -1 -4.2599 0.0000 183.8483 62.9376 288.0982 1.5873 0.5071 1.4732 -9.7666 1.7805 11.9240 -4.9353 -1.4611
59 -1 Car -1 -1 -4.6125 688.5123 185.7767 710.8846 204.8506 1.5729 1.6255 3.6024 7.9652 2.7546 64.0614 -4.4899 -1.5602
60 -1 Car -1 -1 -4.5801 654.7532 180.1178 691.9517 207.5684 1.7037 1.9225 4.4477 4.2695 2.2148 48.4213 -4.4933 5.3553
60 -1 Pedestrian -1 -1 -2.9476 472.3140 180.2576 486.1404 211.5052 1.6339 0.4848 0.6371 -6.9405 2.0270 38.0919 -3.1271 0.5624
60 -1 Car -1 -1 -2.2991 320.0591 181.5467 391.0335 206.4375 1.4374 1.6441 4.3859 -15.8112 1.9969 44.6886 -2.6377 0.3948
60 -1 Car -1 -1 -4.6938 679.4521 182.8730 700.6888 204.9008 1.5568 1.5383 3.7583 6.0720 2.3439 54.7417 -4.5845 0.1119
60 -1 Car -1 -1 -3.1901 252.6660 179.2475 320.2980 202.3674 1.4876 1.6314 4.1188 -21.9928 1.9361 48.9996 -3.6102 -0.9051
60 -1 Car -1 -1 -4.7448 690.1005 184.3292 709.9015 203.1479 1.5567 1.6136 3.5852 7.9107 2.6008 63.8102 -4.6225 -1.3652
60 -1 Car -1 -1 -3.9270 366.0048 181.3054 432.4676 207.2888 1.4693 1.5665 3.9703 -12.9114 2.0127 44.2959 -4.2094 -1.4536
60 -1 Car -1 -1 -5.2550 912.8190 171.7557 961.9573 192.6148 1.5415 1.6057 3.9668 25.0388 1.4600 55.3865 -4.8327 -1.9474
61 -1 Car -1 -1 -4.5714 654.6721 179.8461 691.9767 207.5509 1.7216 1.8922 4.4543 4.2676 2.2136 48.4221 -4.4846 5.3333
61 -1 Car -1 -1 -5.3445 327.2191 180.7976 391.2143 205.4228 1.4145 1.5872 4.1367 -15.5095 1.9238 44.4555 -5.6786 0.6065
61 -1 Pedestrian -1 -1 -2.7329 466.5575 179.2889 486.1131 211.4846 1.6778 0.5172 0.8825 -7.0935 2.0204 38.0927 -2.9162 0.4022
61 -1 Car -1 -1 -4.8830 673.2067 182.6343 701.9601 204.6383 1.5628 1.5655 3.6376 5.8254 2.3302 54.7711 -4.7782 -0.5228
61 -1 Car -1 -1 -7.9171 286.8362 179.3027 316.1062 202.0531 1.4892 1.6395 3.9933 -21.6972 1.9604 50.6016 -8.3206 -1.1671
61 -1 Car -1 -1 -5.3656 912.5184 171.9778 964.5769 192.8419 1.5406 1.5981 3.8759 25.1121 1.4756 55.3472 -4.9420 -1.3277
62 -1 Car -1 -1 -4.5904 654.9283 180.0196 691.9176 207.8838 1.7281 1.9357 4.5927 4.2791 2.2333 48.4553 -4.5035 4.6273
62 -1 Pedestrian -1 -1 -2.9248 465.3412 179.9772 484.2357 211.2842 1.6402 0.4269 0.9113 -7.1822 2.0186 38.1330 -3.1102 0.7138
62 -1 Car -1 -1 -2.2984 319.5406 181.1480 389.6297 206.0196 1.4412 1.6423 4.3180 -15.8899 1.9755 44.7456 -2.6380 0.2900
62 -1 Car -1 -1 -4.6879 679.2471 182.8382 700.8667 204.8408 1.5560 1.5461 3.7295 6.0719 2.3403 54.7485 -4.5786 0.0776
62 -1 Car -1 -1 -3.1642 257.4491 179.1171 324.3472 202.4644 1.5099 1.6336 4.1056 -21.7415 1.9501 49.1358 -3.5790 -0.6990
62 -1 Car -1 -1 -3.9959 366.1024 180.4583 426.4063 205.7883 1.4417 1.5182 3.6515 -13.0816 1.9284 44.2300 -4.2822 -0.9397
62 -1 Car -1 -1 -5.0068 949.9385 170.4092 995.9436 193.3155 1.5200 1.6692 4.2725 25.1102 1.3575 50.1248 -4.5450 -1.0342
62 -1 Car -1 -1 -5.3394 907.3545 171.5121 960.9103 192.7681 1.5691 1.6676 4.0766 24.8049 1.4698 55.4306 -4.9209 -1.2091
62 -1 Cyclist -1 -1 -3.8780 0.0000 183.0095 88.1420 287.6011 1.5973 0.5382 1.4498 -9.5523 1.7756 11.9269 -4.5426 -1.7273
62 -1 Car -1 -1 -4.2687 315.1615 179.1937 361.0038 201.3194 1.5294 1.5973 3.9869 -19.9824 2.0138 53.1064 -4.6273 -2.1040
63 -1 Car -1 -1 -4.5924 655.0353 179.8716 690.7595 207.7723 1.7353 1.8755 4.4523 4.2392 2.2292 48.4397 -4.5062 5.2990
63 -1 Car -1 -1 -4.7018 680.3591 183.1629 701.7332 204.9728 1.5453 1.5581 3.4632 6.1231 2.3516 54.6485 -4.5914 0.1981
63 -1 Pedestrian -1 -1 -4.9173 465.1877 179.2128 477.8108 211.4774 1.6700 0.4714 0.9444 -7.3515 2.0099 38.0799 -5.1071 0.1354
63 -1 Car -1 -1 -3.1367 254.8679 179.3783 323.1097 202.4745 1.4932 1.6931 4.1831 -21.8635 1.9521 49.1727 -3.5533 -0.0160
63 -1 Car -1 -1 -2.3136 317.8730 180.7413 387.8860 206.0054 1.4713 1.6497 4.2621 -16.0198 1.9798 44.8213 -2.6553 -0.5074
63 -1 Cyclist -1 -1 -8.2192 464.5371 178.2402 485.4633 209.6969 1.7651 0.6411 1.6450 -7.8376 2.0822 41.6522 -8.4045 -1.6509
63 -1 Car -1 -1 -4.2653 316.7163 178.0743 360.8882 200.2863 1.5448 1.5557 3.7804 -19.9143 1.9425 53.0517 -4.6230 -2.0579
63 -1 Cyclist -1 -1 -4.3864 0.0000 185.7131 56.2669 288.5332 1.5574 0.5011 1.4775 -9.7699 1.7831 11.9036 -5.0628 -2.1366
63 -1 Car -1 -1 -4.6279 694.5667 184.2661 716.2742 202.9297 1.5178 1.5786 3.7367 8.3476 2.5473 63.1117 -4.4975 -2.1667
64 -1 Car -1 -1 -4.5877 657.7217 179.6971 691.9570 207.8018 1.7493 1.7586 4.4027 4.3622 2.2301 48.3873 -4.4989 4.8437
64 -1 Pedestrian -1 -1 -3.3377 460.8771 179.9452 477.4451 211.7097 1.6553 0.4226 0.7914 -7.4762 2.0328 38.0999 -3.5306 0.1839
64 -1 Car -1 -1 -4.9234 672.0504 182.4256 702.6630 204.3163 1.5538 1.5798 3.6027 5.8025 2.3043 54.7283 -4.8189 -0.5326
64 -1 Car -1 -1 -5.0599 913.7277 172.2776 955.8030 193.5716 1.5692 1.6276 4.0944 24.7877 1.5264 55.2706 -4.6406 -0.5945
64 -1 Car -1 -1 -5.4180 318.0421 181.1782 386.1574 205.6323 1.4197 1.6397 4.2252 -16.0839 1.9573 44.8559 -5.7608 -0.9555
64 -1 Car -1 -1 -7.9017 289.0837 178.2353 317.4796 202.1378 1.5726 1.6455 3.9730 -21.5630 1.9656 50.5858 -8.3030 -1.0729
64 -1 Car -1 -1 -4.5181 692.2021 183.8641 718.4742 202.5919 1.5175 1.5834 3.7340 8.3103 2.5073 62.8648 -4.3878 -1.3396
64 -1 Car -1 -1 -4.3889 335.5512 171.1508 382.3557 199.4541 1.8001 1.6886 4.1990 -16.6644 1.6915 47.9975 -4.7216 -1.6362
64 -1 Cyclist -1 -1 -4.9363 343.6429 178.1217 358.9571 204.0929 1.6229 0.5889 1.5768 -16.6200 1.9662 46.2450 -5.2798 -2.1721
65 -1 Car -1 -1 -4.5740 654.3215 180.0041 692.0720 207.6253 1.7141 1.9281 4.4908 4.2603 2.2174 48.4243 -4.4873 5.2983
65 -1 Pedestrian -1 -1 -3.1189 457.9092 179.2239 474.0163 210.9975 1.6579 0.4469 0.8236 -7.6330 1.9962 38.0582 -3.3160 0.7022
65 -1 Car -1 -1 -2.3006 319.5705 181.5181 392.5291 206.4332 1.4362 1.6566 4.5407 -15.7785 1.9943 44.6787 -2.6386 0.2360
65 -1 Car -1 -1 -4.6716 679.8017 182.2067 702.4572 204.3231 1.5694 1.5689 3.4897 6.1359 2.3008 54.6030 -4.5609 0.0872
65 -1 Car -1 -1 -4.1189 365.6182 179.8548 423.0794 205.2663 1.4488 1.5329 3.7648 -13.2066 1.8977 44.2784 -4.4075 -0.8705
65 -1 Car -1 -1 -4.7437 691.0104 183.4255 710.8498 202.5058 1.5557 1.5910 3.6549 7.8672 2.5036 62.8222 -4.6202 -1.1958
65 -1 Car -1 -1 -3.1773 249.1857 179.6413 321.1067 203.0208 1.5003 1.7146 4.3920 -22.1005 1.9778 49.0510 -3.5989 -1.7852
65 -1 Car -1 -1 -4.1151 314.0387 179.5200 364.5219 201.2209 1.4941 1.5613 3.8756 -19.8622 2.0027 53.0166 -4.4722 -1.8920
65 -1 Car -1 -1 -6.9580 353.0330 172.7359 403.5071 193.9687 1.6651 1.6644 3.6642 -18.7991 1.6555 58.5687 -7.2675 -2.1567
66 -1 Car -1 -1 -4.5680 654.6420 179.6244 692.3546 207.6455 1.7416 1.8901 4.5781 4.2857 2.2191 48.4722 -4.4809 5.2737
66 -1 Car -1 -1 -4.8236 672.5342 182.8277 698.2841 205.1001 1.5810 1.5435 3.5553 5.6462 2.3602 54.6025 -4.7217 0.8697
66 -1 Pedestrian -1 -1 -2.6177 454.7305 179.7960 472.5988 210.8898 1.6226 0.4285 0.8214 -7.7722 1.9924 38.1353 -2.8178 0.8197
66 -1 Car -1 -1 -2.2959 320.6008 181.1413 388.9088 205.9711 1.4408 1.6263 4.1879 -15.8791 1.9743 44.7484 -2.6353 0.4984
66 -1 Car -1 -1 -4.7773 287.7345 177.6495 318.4131 201.0799 1.5417 1.7131 4.2223 -21.6197 1.8933 50.6762 -5.1789 0.3722
66 -1 Car -1 -1 -4.1881 314.9809 178.7786 362.8581 200.7277 1.5187 1.5913 3.8235 -19.8957 1.9705 53.0321 -4.5457 -0.7559
66 -1 Car -1 -1 -5.4946 906.4088 171.9406 963.1920 192.9551 1.5489 1.6060 4.0065 24.8203 1.4813 55.3396 -5.0753 -0.9879
66 -1 Car -1 -1 -4.4721 696.8666 184.0847 725.5982 203.4192 1.5465 1.6268 3.6631 8.7082 2.5431 62.0422 -4.3338 -1.2238
66 -1 Car -1 -1 -4.9939 333.4795 174.0986 373.8247 200.5539 1.6689 1.5577 3.6472 -16.9858 1.7541 47.6356 -5.3350 -1.8575
67 -1 Car -1 -1 -4.5702 655.0596 179.8064 692.6024 207.7123 1.7333 1.8893 4.5666 4.3075 2.2235 48.4687 -4.4826 4.7239
67 -1 Pedestrian -1 -1 -3.1439 453.5388 180.0000 470.3562 211.3577 1.6358 0.4167 0.8645 -7.8491 2.0154 38.0649 -3.3464 0.4801
67 -1 Car -1 -1 -7.8348 290.2418 177.9049 316.4857 202.0471 1.5938 1.6157 3.8818 -21.5037 1.9626 50.6163 -8.2349 -0.3427
67 -1 Car -1 -1 -5.4341 317.5677 180.7245 384.6695 205.3420 1.4353 1.6441 4.0777 -16.1445 1.9430 44.8655 -5.7780 -0.7274
67 -1 Car -1 -1 -4.8191 674.3976 181.9945 700.6228 203.8341 1.5569 1.5952 3.5898 5.8188 2.2728 54.7378 -4.7143 -0.7940
67 -1 Car -1 -1 -4.7955 692.2831 184.4130 714.7189 203.3244 1.5214 1.6080 3.7022 8.0112 2.5482 62.2339 -4.6686 -1.3702
67 -1 Car -1 -1 -4.9201 921.1787 173.5867 955.1940 193.9259 1.4966 1.5864 3.9145 25.0858 1.5546 55.3229 -4.4967 -1.6752
67 -1 Car -1 -1 -4.9747 333.3424 173.7397 373.1881 200.9065 1.7132 1.5707 3.6983 -16.9986 1.7737 47.5970 -5.3163 -1.9372
68 -1 Car -1 -1 -4.5894 655.1884 179.7552 691.4477 207.5870 1.7297 1.8883 4.5450 4.2710 2.2160 48.4608 -4.5026 4.5530
68 -1 Pedestrian -1 -1 -2.8495 449.3451 177.9257 467.2986 210.4977 1.7037 0.4598 0.8304 -8.0429 1.9729 38.0866 -3.0567 0.3772
68 -1 Car -1 -1 -4.9153 919.6037 172.8495 955.7648 194.0098 1.5570 1.6633 4.3795 25.0778 1.5564 55.4099 -4.4926 -0.5825
68 -1 Car -1 -1 -4.8603 673.6143 182.4119 701.3349 204.2704 1.5552 1.5701 3.5910 5.8174 2.3045 54.7612 -4.7556 -0.7577
68 -1 Car -1 -1 -2.3143 318.3928 180.8385 387.4654 205.9921 1.4655 1.6548 4.1742 -16.0179 1.9802 44.8282 -2.6559 -0.9765
68 -1 Car -1 -1 -7.9251 287.8535 177.8541 317.7458 201.5725 1.5606 1.6462 4.0170 -21.5828 1.9256 50.5503 -8.3270 -1.1747
68 -1 Car -1 -1 -4.3020 333.1862 170.4593 385.3067 198.7984 1.8008 1.7157 4.2611 -16.6537 1.6483 48.0400 -4.6343 -1.2147
69 -1 Car -1 -1 -4.5983 655.5567 179.7999 690.8860 207.5287 1.7238 1.8656 4.5349 4.2643 2.2133 48.4709 -4.5116 4.4117
69 -1 Pedestrian -1 -1 -3.0555 448.0265 177.8156 463.9079 209.9432 1.6774 0.5386 0.7767 -8.1657 1.9412 38.0846 -3.2657 0.6190
69 -1 Car -1 -1 -4.8636 673.5601 182.4254 701.4265 204.2416 1.5518 1.5714 3.5826 5.8177 2.3020 54.7510 -4.7588 -0.7081
69 -1 Car -1 -1 -7.9265 288.3432 178.1174 318.6943 202.1035 1.5759 1.6645 4.1304 -21.5532 1.9609 50.5962 -8.3276 -1.0429
69 -1 Car -1 -1 -4.8813 921.9123 172.4050 955.0330 193.6350 1.5609 1.6276 4.0910 25.0661 1.5276 55.2338 -4.4575 -1.4221
69 -1 Car -1 -1 -4.9262 334.8339 172.1518 373.0237 200.0261 1.7640 1.5989 3.8519 -17.0006 1.7192 47.7192 -5.2670 -1.6634
69 -1 Pedestrian -1 -1 -3.3369 1144.1489 164.8266 1159.6307 192.7200 1.7451 0.5810 0.6796 34.1702 1.2426 45.5499 -2.6966 -1.6947
69 -1 Car -1 -1 -5.4378 318.5260 181.1202 386.8946 205.5429 1.4188 1.6447 4.1753 -16.0288 1.9518 44.8151 -5.7797 -2.0368
70 -1 Car -1 -1 -4.5685 654.7718 179.7653 692.2936 207.6498 1.7327 1.8829 4.5523 4.2876 2.2200 48.4728 -4.4813 4.9452
70 -1 Pedestrian -1 -1 -2.9561 445.0811 179.0127 462.6154 210.4923 1.6490 0.5234 0.8246 -8.2973 1.9768 38.1754 -3.1692 0.5264
70 -1 Car -1 -1 -7.8260 289.7084 176.9861 316.6205 201.5999 1.6316 1.6258 3.8992 -21.5314 1.9335 50.6512 -8.2264 -0.0755
70 -1 Car -1 -1 -4.7878 674.9751 182.5770 699.8113 204.3427 1.5476 1.5985 3.5805 5.8112 2.3093 54.7363 -4.6831 -0.5861
70 -1 Car -1 -1 -2.3470 317.3419 181.0700 388.4809 205.7908 1.4393 1.6463 4.2628 -16.0044 1.9681 44.7932 -2.6886 -0.8003
70 -1 Car -1 -1 -5.0126 951.5179 171.1771 994.4738 193.5040 1.4864 1.6150 3.7263 25.0668 1.3745 50.0053 -4.5506 -1.0921
71 -1 Car -1 -1 -4.5866 655.5234 179.7862 691.9552 207.5524 1.7247 1.8866 4.5507 4.2986 2.2131 48.4507 -4.4993 4.5864
71 -1 Pedestrian -1 -1 -3.0679 443.1826 178.9187 459.8380 210.6088 1.6570 0.5638 0.8222 -8.4247 1.9806 38.1950 -3.2840 -0.2211
71 -1 Car -1 -1 -7.9300 289.2268 178.4335 319.0737 202.7363 1.6020 1.6372 3.9109 -21.5270 2.0096 50.6448 -8.3303 -0.4345
71 -1 Car -1 -1 -4.8160 674.2534 182.3783 700.3737 204.2005 1.5530 1.5958 3.6047 5.8026 2.2989 54.7265 -4.7115 -0.6473
71 -1 Car -1 -1 -5.4392 317.9102 181.5228 386.6384 206.0025 1.4204 1.6553 4.1912 -16.0600 1.9795 44.8272 -5.7816 -0.7622
71 -1 Car -1 -1 -5.2880 913.1465 172.3024 963.1910 193.3421 1.5537 1.6092 3.9189 25.0788 1.5127 55.3410 -4.8648 -1.0208
72 -1 Car -1 -1 -4.5568 654.1746 179.6908 692.6885 207.7128 1.7413 1.9021 4.5311 4.2792 2.2230 48.4481 -4.4698 4.8730
72 -1 Pedestrian -1 -1 -2.1775 439.5464 178.9336 458.3235 210.5269 1.6448 0.5744 0.8769 -8.5826 1.9713 38.2695 -2.3971 0.3487
72 -1 Car -1 -1 -4.7892 675.0758 182.8558 700.0054 204.5392 1.5399 1.6010 3.5655 5.8195 2.3230 54.7099 -4.6843 -0.5741
72 -1 Car -1 -1 -5.4392 317.4410 181.4167 386.5542 205.9254 1.4227 1.6545 4.2272 -16.0829 1.9752 44.8419 -5.7820 -0.6252
72 -1 Car -1 -1 -7.8221 288.4544 177.0658 315.5827 201.3051 1.6037 1.6205 3.9394 -21.5921 1.9112 50.6065 -8.2237 -0.7838
72 -1 Car -1 -1 -5.5202 906.1150 172.3110 963.6285 193.1511 1.5352 1.6093 4.0132 24.8155 1.4949 55.3154 -5.1008 -1.0502
73 -1 Car -1 -1 -4.5656 654.1758 180.0609 692.1859 207.6193 1.7099 1.9133 4.4689 4.2584 2.2171 48.4172 -4.4790 5.5074
73 -1 Pedestrian -1 -1 -2.4313 437.1791 179.0703 456.2850 210.5959 1.6447 0.5180 0.8573 -8.6920 1.9776 38.2430 -2.6537 0.5869
73 -1 Car -1 -1 -5.4273 322.2988 181.5037 391.8764 206.4597 1.4391 1.6440 4.3015 -15.6929 1.9950 44.6223 -5.7639 0.3656
73 -1 Car -1 -1 -4.6865 679.3372 182.8485 700.9249 204.8198 1.5523 1.5373 3.7669 6.0768 2.3375 54.7398 -4.5771 0.0729
73 -1 Car -1 -1 -7.9891 286.2793 179.8007 319.4005 202.7315 1.5025 1.6267 3.9209 -21.6226 2.0101 50.6510 -8.3910 -1.9734
74 -1 Car -1 -1 -4.6051 656.2809 179.8912 691.5740 207.8368 1.7353 1.8869 4.5846 4.3115 2.2313 48.4606 -4.5175 4.3094
74 -1 Pedestrian -1 -1 -3.3355 435.7031 178.5699 454.5874 210.7357 1.6796 0.5197 0.8923 -8.7773 1.9855 38.2434 -3.5601 0.3979
74 -1 Car -1 -1 -4.9218 672.1819 182.4594 702.5996 204.1652 1.5402 1.5762 3.5687 5.8026 2.2928 54.7000 -4.8172 -0.5791
74 -1 Car -1 -1 -5.0419 911.6833 172.0941 954.5923 193.5665 1.5832 1.6698 4.3686 24.7370 1.5268 55.4481 -4.6245 -0.6307
74 -1 Cyclist -1 -1 -4.9163 344.3748 177.6960 358.7724 203.9225 1.6405 0.5793 1.4875 -16.5889 1.9555 46.2086 -5.2594 -0.8020
74 -1 Car -1 -1 -2.3005 318.2217 180.5328 388.1131 206.0934 1.4896 1.6579 4.2882 -16.0167 1.9854 44.8582 -2.6419 -1.0816
74 -1 Car -1 -1 -7.9236 288.1830 178.8340 317.8247 202.7361 1.5680 1.6374 4.0140 -21.5788 2.0048 50.5750 -8.3252 -1.7832
74 -1 Car -1 -1 -4.4302 320.3696 178.9789 358.4659 201.2347 1.5439 1.5913 3.9423 -19.9239 2.0123 53.1928 -4.7872 -1.8405
75 -1 Car -1 -1 -4.5991 655.2703 179.9609 690.5378 207.5463 1.7141 1.8682 4.5026 4.2416 2.2147 48.4599 -4.5129 5.5724
75 -1 Pedestrian -1 -1 -4.7781 437.0646 179.1783 447.5175 211.1072 1.6657 0.4876 0.8130 -8.9397 2.0050 38.2848 -5.0064 0.1270
75 -1 Car -1 -1 -4.6173 678.6498 182.6913 703.6589 204.7153 1.5602 1.5636 3.4937 6.1454 2.3306 54.6550 -4.5065 0.1093
75 -1 Car -1 -1 -2.3251 319.1459 181.2883 390.2036 206.2181 1.4461 1.6439 4.3176 -15.8796 1.9889 44.7404 -2.6646 -0.0052
75 -1 Car -1 -1 -3.1985 249.1307 179.0393 320.7484 202.5637 1.5100 1.6628 4.3464 -22.0802 1.9444 48.9690 -3.6203 -0.3909
75 -1 Car -1 -1 -3.9483 366.1669 180.0242 431.5687 205.9659 1.4748 1.5497 3.9500 -12.9335 1.9357 44.2954 -4.2312 -1.1756
76 -1 Car -1 -1 -4.5767 654.8410 179.9896 691.8349 207.8058 1.7270 1.8911 4.4656 4.2672 2.2290 48.4077 -4.4899 5.5465
76 -1 Pedestrian -1 -1 -2.5567 429.3801 178.4610 448.8723 210.5450 1.6800 0.4950 0.8799 -9.1079 1.9803 38.3003 -2.7891 0.5112
76 -1 Car -1 -1 -5.4051 322.6275 181.4207 388.5083 206.0636 1.4237 1.6105 4.0787 -15.7900 1.9740 44.6334 -5.7436 0.4798
76 -1 Car -1 -1 -4.7011 679.6064 182.8292 700.7881 204.7990 1.5530 1.5429 3.7760 6.0740 2.3369 54.7583 -4.5917 0.0922
76 -1 Car -1 -1 -5.3399 907.8685 171.6505 961.3182 192.8561 1.5616 1.6594 4.0561 24.7778 1.4727 55.2908 -4.9208 -1.0704
76 -1 Car -1 -1 -4.6946 293.8168 177.9502 320.7242 201.5770 1.5539 1.6639 4.1973 -21.2556 1.9276 50.6873 -5.0901 -1.1575
76 -1 Car -1 -1 -5.0122 951.5897 170.7010 994.6454 193.2749 1.4997 1.6229 3.7052 25.0200 1.3564 49.8954 -4.5501 -2.0429
77 -1 Car -1 -1 -4.5570 654.4636 179.7932 692.8287 207.7684 1.7378 1.8922 4.5378 4.2942 2.2269 48.4566 -4.4697 5.0043
77 -1 Pedestrian -1 -1 -2.9363 428.1620 178.5369 446.3624 210.2884 1.6714 0.4820 0.8602 -9.2107 1.9749 38.3253 -3.1710 0.8257
77 -1 Car -1 -1 -7.9427 287.1188 178.3428 317.3217 202.2121 1.5733 1.6176 3.7986 -21.6256 1.9733 50.5608 -8.3452 -0.4525
77 -1 Car -1 -1 -5.4408 317.3983 180.7346 385.1712 205.3212 1.4329 1.6532 4.1057 -16.1294 1.9411 44.8531 -5.7844 -0.4888
77 -1 Car -1 -1 -4.7974 674.7912 182.7583 700.0677 204.4435 1.5412 1.6002 3.5521 5.8108 2.3165 54.7093 -4.6927 -0.5794
77 -1 Car -1 -1 -5.2269 911.9147 172.0230 963.9665 193.2866 1.5700 1.6734 4.4255 25.1444 1.5083 55.5539 -4.8041 -1.7056
77 -1 Car -1 -1 -5.3059 1098.9973 167.1792 1164.7738 192.1557 1.5710 1.6143 3.8341 34.1070 1.2138 47.3231 -4.6846 -1.7448
77 -1 Car -1 -1 -4.9476 333.8801 173.7646 372.3764 200.8011 1.7063 1.5745 3.7067 -17.0276 1.7686 47.6524 -5.2893 -1.9240
