0 -1 Car -1 -1 0.1695 458.0331 182.3944 568.5940 217.0197 1.4120 1.6439 4.4688 -4.1151 1.8319 30.8234 0.0368 12.7438
0 -1 Car -1 -1 1.6383 656.7868 180.0416 686.7223 207.1246 1.6894 1.7140 4.4207 4.1679 2.1965 48.5496 1.7240 6.0421
0 -1 Car -1 -1 0.8733 322.4124 179.6348 389.9664 205.3015 1.4930 1.6491 4.1717 -15.7656 1.9299 44.6766 0.5340 0.4776
0 -1 Car -1 -1 -2.0797 961.5091 161.0009 1013.3427 183.8223 1.5781 1.6330 3.8332 27.0174 0.7588 51.8312 -1.5992 0.2062
0 -1 Car -1 -1 1.6321 678.7537 184.5871 701.3240 204.8170 1.4695 1.5358 3.8068 6.2969 2.4253 56.7438 1.7426 -0.3291
1 -1 Car -1 -1 0.1250 468.6623 181.9617 579.8160 216.7686 1.4283 1.6667 4.5553 -3.6512 1.8294 30.9002 0.0074 10.9256
1 -1 Car -1 -1 1.6189 658.0721 180.7880 687.0385 207.3688 1.6466 1.7226 4.6087 4.2205 2.2069 48.5249 1.7057 6.4935
1 -1 Car -1 -1 0.8670 326.7504 180.2185 395.3566 205.9082 1.4829 1.6585 4.2178 -15.3900 1.9553 44.4587 0.5338 1.0812
1 -1 Car -1 -1 1.4460 677.3569 183.1725 703.9453 203.3634 1.4695 1.6020 3.7583 6.2375 2.3026 56.3357 1.5563 -0.5606
2 -1 Car -1 -1 0.0558 484.1685 181.1448 591.4611 217.3844 1.4869 1.6384 4.4640 -3.0834 1.8533 30.9371 -0.0436 8.9556
2 -1 Car -1 -1 1.6033 657.1579 179.4970 685.3610 206.6775 1.6920 1.7398 4.7828 4.1407 2.1626 48.5997 1.6883 6.9450
2 -1 Car -1 -1 1.5916 679.2575 184.1350 700.5753 204.7241 1.4770 1.5661 3.8528 6.2012 2.3841 55.9764 1.7019 0.4152
2 -1 Car -1 -1 -2.2086 320.7116 179.3066 380.8595 204.2233 1.4638 1.6101 3.7500 -16.2075 1.8817 44.9788 -2.5545 -0.3298
2 -1 Car -1 -1 -4.0773 1145.5891 171.9408 1241.0000 204.0332 1.5051 1.6187 3.9195 28.3442 1.4627 35.1177 -3.3982 -1.5044
2 -1 Car -1 -1 0.4472 272.1924 196.4933 375.3055 231.6706 1.4768 1.6299 4.0109 -12.8955 2.5740 32.5226 0.0697 -1.5154
2 -1 Car -1 -1 0.8282 1160.5975 174.1413 1241.0000 203.0547 1.4729 1.5895 3.8873 32.0099 1.5463 38.9151 1.5166 -1.8564
3 -1 Car -1 -1 0.0054 498.2159 181.2869 605.5501 216.6093 1.4456 1.6586 4.4744 -2.5220 1.8199 30.9986 -0.0757 9.4397
3 -1 Car -1 -1 1.6285 657.7050 180.0007 687.2952 206.1429 1.6224 1.7199 4.6114 4.2152 2.1270 48.4977 1.7152 7.1814
3 -1 Car -1 -1 1.4954 674.8519 183.8900 700.3119 204.7780 1.4980 1.6472 4.2659 5.9772 2.3906 56.1788 1.6014 2.3914
3 -1 Car -1 -1 0.8440 324.3449 181.8094 393.0204 207.5128 1.4829 1.6561 4.1635 -15.5715 2.0580 44.5703 0.5079 1.4950
3 -1 Car -1 -1 -0.5237 981.3704 169.6832 1052.7550 191.7975 1.4703 1.6156 3.9227 27.4632 1.2598 48.7992 -0.0111 0.1373
4 -1 Car -1 -1 -0.0532 512.2089 181.3558 615.1997 217.7992 1.4928 1.5986 4.3236 -2.0626 1.8720 31.0948 -0.1194 10.3980
4 -1 Car -1 -1 1.6999 657.0312 178.9677 690.8510 207.4079 1.7789 1.7192 4.3252 4.3054 2.2090 48.4135 1.7886 3.9629
4 -1 Car -1 -1 1.4714 676.1944 185.2365 702.2427 205.8840 1.4707 1.6071 4.0030 6.0657 2.4634 55.8100 1.5797 1.9801
4 -1 Car -1 -1 0.4792 422.5243 183.6084 495.8444 211.4291 1.4708 1.5836 3.7040 -8.4626 2.0919 40.3803 0.2727 -1.2031
5 -1 Car -1 -1 -0.1165 519.6478 180.0937 629.5232 217.8265 1.5463 1.6844 4.5847 -1.6085 1.8723 31.2449 -0.1679 8.9684
5 -1 Car -1 -1 1.6326 655.7909 180.8213 685.1935 206.7934 1.6131 1.7052 4.3457 4.0758 2.1739 48.4804 1.7165 4.4180
5 -1 Car -1 -1 -2.0754 963.7961 161.3487 1014.6820 184.3120 1.5832 1.6165 3.7283 27.0425 0.7903 51.6258 -1.5929 -1.9073
6 -1 Car -1 -1 -0.1961 531.6464 180.4979 642.6470 217.8458 1.5297 1.6676 4.5948 -1.0585 1.8773 31.4323 -0.2298 9.2845
6 -1 Car -1 -1 1.6486 656.3962 180.2396 687.4945 206.8197 1.6494 1.7317 4.6209 4.1832 2.1714 48.5382 1.7346 7.3134
6 -1 Car -1 -1 -0.9901 597.3997 173.3366 661.3558 201.8386 1.4956 1.6193 3.9996 1.0921 1.5242 40.0347 -0.9629 -0.3135
6 -1 Car -1 -1 1.4896 676.9119 183.3652 702.3258 204.2947 1.4928 1.6087 4.1883 6.0837 2.3355 55.7020 1.5984 -1.6626
7 -1 Car -1 -1 -0.2562 544.1817 179.2108 651.2511 217.4129 1.5743 1.6614 4.4099 -0.5934 1.8653 31.5946 -0.2750 9.4350
7 -1 Car -1 -1 1.6527 656.4437 180.1414 687.8980 206.3557 1.6254 1.7293 4.7501 4.2060 2.1418 48.6050 1.7390 7.4015
7 -1 Car -1 -1 1.3506 671.0505 184.1641 704.0972 205.1024 1.4846 1.6471 4.2250 5.9191 2.3928 55.7193 1.4564 1.8447
7 -1 Car -1 -1 0.8206 1159.4186 173.9907 1241.0000 202.9402 1.4749 1.6003 3.9252 31.9800 1.5397 38.9232 1.5084 -1.2600
7 -1 Car -1 -1 -0.5358 973.1597 160.9547 1037.2894 184.0523 1.6003 1.6234 3.6471 27.8007 0.7762 50.8644 -0.0356 -1.5637
8 -1 Car -1 -1 -0.3163 555.7842 178.4990 664.0504 214.4131 1.4842 1.6587 4.4732 -0.0507 1.7448 31.7711 -0.3179 10.7755
8 -1 Car -1 -1 1.6458 656.8506 180.0014 687.5142 206.4649 1.6444 1.7187 4.5568 4.1953 2.1489 48.5080 1.7320 7.5940
8 -1 Car -1 -1 1.3411 670.6542 183.1834 704.1504 204.1732 1.4931 1.6603 4.1412 5.8939 2.3204 55.6037 1.4467 0.0552
8 -1 Car -1 -1 0.4523 263.4503 198.9876 365.8370 234.3527 1.4761 1.6149 3.9505 -13.2649 2.6846 32.4227 0.0640 -1.0720
8 -1 Car -1 -1 -0.5820 977.4748 170.8912 1050.3679 193.2420 1.4797 1.6323 4.0683 27.2158 1.3501 48.7276 -0.0726 -1.8930
8 -1 Car -1 -1 -2.3426 367.7586 181.3456 441.0054 208.5011 1.4981 1.6358 4.2918 -12.2185 2.0219 42.6913 -2.6213 -1.9909
9 -1 Car -1 -1 -0.3752 567.5459 180.3563 671.6840 215.7012 1.4596 1.6516 4.3108 0.3855 1.8085 31.9836 -0.3632 10.6375
9 -1 Car -1 -1 1.6422 658.8548 180.7637 687.6230 205.9815 1.5668 1.6380 3.9788 4.2338 2.1189 48.2334 1.7297 4.5069
9 -1 Car -1 -1 1.4892 674.6485 184.4107 700.2690 205.4311 1.4799 1.6108 4.1069 5.8575 2.3968 55.1467 1.5950 1.4412
9 -1 Car -1 -1 -2.1280 370.7095 176.9011 435.0766 206.3111 1.6154 1.6599 4.1688 -12.1806 1.8637 42.1938 -2.4090 -0.1228
9 -1 Car -1 -1 0.8902 323.4534 179.3896 386.1561 204.5370 1.4732 1.6076 3.8491 -15.9054 1.8951 44.8371 0.5493 -0.5570
9 -1 Car -1 -1 -2.3126 1155.5044 174.5934 1241.0000 203.4112 1.4659 1.5728 3.7459 31.6107 1.5645 38.8476 -1.6295 -2.0448
10 -1 Car -1 -1 -0.4422 580.5824 178.8977 681.1985 213.9399 1.4638 1.6158 4.2132 0.9019 1.7478 32.2731 -0.4143 11.3028
10 -1 Car -1 -1 1.6826 659.1514 180.1694 690.1198 205.3898 1.5809 1.6429 3.9938 4.3600 2.0953 48.5763 1.7721 3.6605
10 -1 Car -1 -1 1.4847 675.0638 184.0137 701.3191 205.0313 1.4807 1.6396 4.0998 5.9067 2.3652 55.0916 1.5915 0.8820
10 -1 Car -1 -1 1.1514 504.9532 185.3151 554.9726 212.4530 1.4689 1.5667 3.7292 -4.8344 2.2448 42.8979 1.0392 -2.1603
11 -1 Car -1 -1 -0.5064 589.5308 179.5661 692.2472 214.5436 1.4613 1.6769 4.3619 1.3689 1.7803 32.5303 -0.4643 10.5958
11 -1 Car -1 -1 1.6317 663.6273 179.4312 690.8299 203.2901 1.4991 1.5889 3.8921 4.5235 1.9603 48.5061 1.7247 3.2864
11 -1 Car -1 -1 1.5140 676.3638 184.7809 700.9967 206.5221 1.5299 1.6304 4.2849 5.9722 2.4812 55.3455 1.6215 2.1007
11 -1 Car -1 -1 -2.0789 963.4478 159.7589 1013.3274 184.0833 1.6786 1.6247 3.5646 26.9687 0.7753 51.5933 -1.5973 -0.0890
11 -1 Car -1 -1 2.5903 979.2674 169.3086 1046.7334 191.3256 1.4566 1.5741 3.6894 27.0824 1.2224 48.5992 3.0987 -0.6075
11 -1 Car -1 -1 0.1552 261.7830 195.6963 347.8074 228.5358 1.4782 1.5775 3.6852 -14.9286 2.6367 35.3703 -0.2442 -1.5312
12 -1 Car -1 -1 -0.5773 604.9846 178.9678 698.7987 214.0996 1.4872 1.6075 4.0408 1.8866 1.7802 32.8349 -0.5199 10.4073
12 -1 Car -1 -1 1.4485 674.4484 183.9614 701.7227 204.8179 1.4812 1.6090 3.8859 5.9201 2.3627 55.2789 1.5552 -1.4046
12 -1 Car -1 -1 0.6821 345.0157 173.2861 416.4712 197.5019 1.4865 1.6356 4.2496 -14.6116 1.5153 45.8819 0.3738 -1.6742
12 -1 Car -1 -1 -2.2952 337.5400 181.0311 407.0794 207.2809 1.4968 1.6543 4.2070 -14.5505 2.0161 44.0167 -2.6145 -2.1332
12 -1 Car -1 -1 -2.0762 960.6186 161.6981 1011.2372 183.9604 1.5429 1.6120 3.7446 26.9465 0.7701 51.8956 -1.5973 -2.1617
13 -1 Car -1 -1 -0.6364 614.5337 179.1784 711.0783 213.7318 1.4702 1.6424 4.2994 2.4219 1.7779 33.2159 -0.5636 11.1648
13 -1 Car -1 -1 -2.4418 342.9525 168.9020 412.5288 193.3843 1.5106 1.6578 4.1307 -14.8615 1.2671 46.0654 -2.7539 -0.7092
13 -1 Car -1 -1 0.8347 333.4056 178.7071 404.5897 204.5972 1.4906 1.6678 4.3057 -14.7883 1.8634 44.1254 0.5113 -1.0610
13 -1 Car -1 -1 -2.2627 1147.9175 163.2125 1241.0000 197.9415 1.6294 1.6353 3.8870 28.9389 1.1774 35.8023 -1.5829 -2.1813
14 -1 Car -1 -1 -0.6878 624.7056 180.3485 718.4242 214.0886 1.4416 1.6471 4.2685 2.8584 1.8101 33.5538 -0.6028 11.8736
14 -1 Car -1 -1 -3.7998 980.0942 168.6124 1050.2089 191.1341 1.4833 1.6293 3.9480 27.2444 1.2043 48.6153 -3.2890 -1.4301
14 -1 Car -1 -1 1.9561 270.6307 178.6253 316.3718 201.1995 1.4903 1.5863 3.9093 -22.1708 1.9114 50.6178 1.5433 -1.7828
15 -1 Car -1 -1 -0.7517 636.7128 179.4763 725.0811 212.8172 1.4475 1.6301 4.1488 3.3385 1.7773 33.9891 -0.6538 10.8999
15 -1 Car -1 -1 0.9561 372.9859 177.7668 439.2378 206.4392 1.5719 1.6583 4.1020 -11.9748 1.8724 42.1497 0.6793 -0.5541
15 -1 Car -1 -1 -2.2550 1148.1667 163.4825 1241.0000 198.0652 1.6220 1.6425 3.9030 28.9447 1.1828 35.7935 -1.5750 -1.9081
16 -1 Car -1 -1 -0.8136 647.0052 179.8908 733.0251 212.2715 1.4171 1.6292 4.2155 3.8229 1.7726 34.4218 -0.7030 11.5117
16 -1 Car -1 -1 0.8926 330.1094 178.8415 397.8975 204.5704 1.4900 1.6580 4.2406 -15.2142 1.8745 44.4672 0.5630 -0.2871
16 -1 Car -1 -1 0.8335 1160.4105 174.4571 1241.0000 203.4292 1.4743 1.5959 3.9110 32.0151 1.5656 38.9274 1.5218 -0.9844
17 -1 Car -1 -1 -0.8675 658.9755 179.8886 737.1640 211.8765 1.4210 1.5636 3.9465 4.2515 1.7794 34.8051 -0.7460 10.2612
17 -1 Car -1 -1 0.9203 314.4434 180.6286 376.8269 205.7990 1.4818 1.6111 3.9508 -16.6448 1.9890 45.2931 0.5681 -0.9995
17 -1 Car -1 -1 0.4204 419.5998 183.9424 496.4927 211.7451 1.4680 1.5899 3.8851 -8.4883 2.1049 40.2284 0.2124 -1.5521
17 -1 Car -1 -1 2.0325 363.8657 179.3931 418.3866 205.1560 1.4879 1.6026 4.0665 -13.5807 1.9145 44.8933 1.7388 -1.6054
17 -1 Car -1 -1 -0.6991 1170.2429 164.3725 1241.0000 199.2737 1.6553 1.6563 3.8691 29.7653 1.2534 35.0570 0.0049 -1.8772
18 -1 Car -1 -1 -0.9390 668.7574 179.2529 744.8955 210.6237 1.4177 1.6022 4.0917 4.7696 1.7506 35.4627 -0.8053 10.0670
18 -1 Car -1 -1 1.6161 656.6963 180.2449 684.4218 207.0567 1.6671 1.6613 4.1779 4.0564 2.1839 48.2401 1.7000 2.7360
18 -1 Car -1 -1 -2.2149 321.0590 179.6547 381.3121 204.4701 1.4567 1.6105 3.7402 -16.1839 1.8971 44.9842 -2.5603 0.9128
18 -1 Car -1 -1 -2.0714 963.8302 159.3559 1014.1008 183.9888 1.7005 1.6338 3.6400 27.0345 0.7691 51.6436 -1.5892 0.6152
18 -1 Car -1 -1 -2.2807 1146.2091 164.8479 1241.0000 198.4983 1.5798 1.6242 3.8140 28.8423 1.2043 35.8038 -1.6025 -1.8982
19 -1 Car -1 -1 -0.9808 677.4989 179.2966 750.4267 210.4099 1.4266 1.5969 4.0864 5.1968 1.7666 35.9827 -0.8374 9.6688
19 -1 Car -1 -1 1.6275 657.3567 180.9785 687.5361 208.2054 1.6804 1.7619 4.4807 4.1913 2.2507 48.2712 1.7141 5.8433
19 -1 Car -1 -1 -3.6447 979.5088 169.4933 1053.5078 191.6897 1.4702 1.6196 4.0672 27.3199 1.2480 48.6179 -3.1328 2.3074
19 -1 Car -1 -1 -2.0702 962.4882 159.1183 1012.7805 183.1631 1.6630 1.6337 3.6677 26.9936 0.7133 51.7483 -1.5894 0.6392
19 -1 Car -1 -1 0.3330 482.7968 181.5828 560.5441 207.4406 1.4983 1.6512 4.4014 -5.3926 2.0455 43.9309 0.2108 -1.2830
19 -1 Car -1 -1 0.9039 315.5470 180.4036 376.1423 205.2661 1.4685 1.5918 3.7483 -16.6245 1.9601 45.2840 0.5520 -1.6290
19 -1 Car -1 -1 0.8478 1159.5651 173.8044 1241.0000 202.8596 1.4758 1.5757 3.9459 31.8390 1.5298 38.7759 1.5353 -2.0456
20 -1 Car -1 -1 -1.0283 684.8927 178.7829 754.9935 210.0064 1.4550 1.6222 4.1027 5.5776 1.7726 36.5112 -0.8768 9.4143
20 -1 Car -1 -1 1.5837 657.5114 179.8465 684.9040 207.0291 1.6913 1.7486 4.6896 4.1160 2.1857 48.5544 1.6682 6.7955
20 -1 Car -1 -1 -2.0998 959.5406 160.9668 1013.7754 184.1541 1.5988 1.6601 3.9851 26.9292 0.7795 51.7781 -1.6202 0.5083
20 -1 Car -1 -1 0.4474 271.8114 196.5922 377.3272 231.9224 1.4819 1.6412 4.1191 -12.8573 2.5841 32.5225 0.0709 -0.5384
20 -1 Car -1 -1 -2.1413 369.1672 179.3471 434.6023 206.6583 1.4939 1.6288 4.3032 -12.3175 1.8946 42.4583 -2.4236 -2.0924
20 -1 Car -1 -1 -0.9700 288.2784 180.1836 339.6236 202.5479 1.4591 1.5603 3.5756 -20.5860 1.9892 50.2363 -1.3589 -2.1454
21 -1 Car -1 -1 -1.0906 694.4336 178.9252 758.9091 209.5849 1.4569 1.6147 4.0042 6.0281 1.7878 37.1968 -0.9299 9.2802
21 -1 Car -1 -1 1.6396 657.5288 180.0555 688.3092 208.1713 1.7463 1.7469 4.6365 4.2435 2.2547 48.4803 1.7269 5.9644
21 -1 Car -1 -1 1.4710 680.0220 184.0271 705.0016 205.0262 1.4724 1.5013 3.7591 6.1723 2.3459 54.4901 1.5838 0.4743
21 -1 Car -1 -1 -2.0896 961.0893 160.0814 1012.8860 182.7541 1.5653 1.6260 3.7796 26.9352 0.6839 51.7317 -1.6095 -0.5776
21 -1 Car -1 -1 0.6737 344.5023 173.3517 417.0465 197.6101 1.4887 1.6406 4.3146 -14.6080 1.5218 45.8781 0.3655 -1.0664
22 -1 Car -1 -1 -1.1408 701.0688 180.1296 763.4071 210.6903 1.4631 1.6284 4.1652 6.4149 1.8662 37.7578 -0.9725 9.6122
22 -1 Car -1 -1 1.6417 656.6066 180.3172 687.2320 206.8638 1.6461 1.7279 4.6736 4.1829 2.1740 48.5546 1.7276 7.7204
22 -1 Car -1 -1 1.4680 674.5159 184.5346 700.6002 205.4612 1.4762 1.5851 3.8182 5.8452 2.3970 54.9426 1.5740 0.4121
22 -1 Car -1 -1 0.9073 318.9908 179.5844 379.3883 204.4405 1.4657 1.5844 3.7356 -16.3512 1.9023 45.1067 0.5595 -1.2871
22 -1 Car -1 -1 -0.5613 977.4288 160.2591 1040.6170 183.4454 1.6060 1.6127 3.5921 28.0808 0.7340 50.8823 -0.0570 -2.0667
23 -1 Car -1 -1 -1.1935 707.5460 179.1510 766.9957 211.2881 1.5741 1.6620 4.2813 6.8089 1.9300 38.4815 -1.0184 9.4095
23 -1 Car -1 -1 1.6637 657.4395 180.3809 689.4637 207.2568 1.6658 1.7241 4.6262 4.2832 2.1976 48.5117 1.7518 7.6698
23 -1 Car -1 -1 -2.0727 957.7660 160.2803 1011.4043 184.5969 1.6841 1.6829 4.0543 26.9033 0.8137 52.0170 -1.5954 1.9129
23 -1 Car -1 -1 1.5406 675.4018 183.5834 698.1310 204.4585 1.4681 1.5935 3.9622 5.7795 2.3147 54.8682 1.6456 1.1754
23 -1 Car -1 -1 0.8381 337.5684 178.9665 405.4228 204.7280 1.4819 1.6376 4.0548 -14.6019 1.8698 44.0306 0.5179 -1.9007
24 -1 Car -1 -1 -1.2097 713.0493 181.0808 770.3747 210.6445 1.4584 1.6356 4.3267 7.1648 1.9309 39.1328 -1.0286 8.7557
24 -1 Car -1 -1 1.6288 657.9875 180.7086 687.5869 206.3147 1.5847 1.7201 4.6247 4.2385 2.1397 48.5426 1.7159 7.9907
24 -1 Car -1 -1 -2.2081 316.8468 179.4953 377.8226 204.3850 1.4691 1.6157 3.8521 -16.5208 1.9019 45.2463 -2.5582 0.5676
24 -1 Car -1 -1 1.4897 675.0114 183.6749 701.0418 204.7318 1.4826 1.6457 3.9554 5.8696 2.3356 54.8520 1.5963 0.5139
24 -1 Car -1 -1 -2.2199 1118.4371 173.2004 1208.6378 204.3114 1.4726 1.6022 3.7992 27.5360 1.4912 36.0947 -1.5683 -1.7663
24 -1 Car -1 -1 -1.2487 740.3521 182.7683 796.7673 214.1139 1.5052 1.6527 4.2987 8.4469 2.0637 38.3484 -1.0319 -1.7826
25 -1 Car -1 -1 1.8811 719.6404 179.4954 772.1832 208.7152 1.4798 1.6442 4.1997 7.5136 1.8671 39.7935 2.0677 7.1619
25 -1 Car -1 -1 1.6251 658.2826 180.3483 688.0022 207.5024 1.6841 1.7432 4.5956 4.2557 2.2128 48.4675 1.7127 6.8127
25 -1 Car -1 -1 1.4474 676.2837 184.3165 703.0062 204.8580 1.4472 1.5683 3.6848 5.9840 2.3469 54.7551 1.5563 0.7583
25 -1 Car -1 -1 -2.7824 485.3465 181.7662 559.2646 207.5792 1.4927 1.6319 4.1557 -5.3522 2.0511 43.8902 -2.9038 -0.3066
25 -1 Car -1 -1 -0.9249 365.2770 177.8217 428.1804 203.7601 1.4920 1.6170 4.0374 -13.1191 1.8138 44.5081 -1.2115 -1.5529
25 -1 Car -1 -1 -2.0662 265.8496 167.6191 308.7545 185.8800 1.4956 1.6207 3.9549 -27.2943 1.0672 60.9381 -2.4873 -2.1038
26 -1 Car -1 -1 1.6036 659.0966 180.3823 687.1753 207.3515 1.6743 1.7321 4.6536 4.2614 2.2064 48.5529 1.6911 8.1891
26 -1 Car -1 -1 -1.3027 723.5871 178.3661 774.3710 208.7845 1.5768 1.6942 4.4310 7.8456 1.9055 40.6166 -1.1119 6.9652
26 -1 Car -1 -1 1.5086 676.6362 184.5319 700.8659 205.6094 1.4779 1.5884 3.6989 5.8969 2.3918 54.5588 1.6162 0.4451
26 -1 Car -1 -1 -0.5497 971.6102 160.4934 1037.3475 184.2476 1.6470 1.6365 3.7727 27.7883 0.7903 50.9373 -0.0503 0.0364
26 -1 Car -1 -1 -2.2738 1145.7870 166.8903 1241.0000 199.0775 1.5116 1.6160 3.8265 28.8224 1.2319 35.8164 -1.5962 -2.0586
27 -1 Car -1 -1 -1.3528 728.9245 179.3171 773.5969 208.2670 1.5238 1.6313 4.2287 8.0920 1.9140 41.2522 -1.1591 8.5632
27 -1 Car -1 -1 1.6062 658.8403 180.1948 687.3203 207.4194 1.6893 1.7443 4.7226 4.2578 2.2084 48.5404 1.6936 7.6786
27 -1 Car -1 -1 1.4714 675.8796 183.8021 702.7882 204.8726 1.4816 1.6354 4.0239 5.9671 2.3449 54.8496 1.5798 0.8049
27 -1 Car -1 -1 -2.2892 365.5639 182.0910 436.9496 209.2957 1.4896 1.6350 4.2760 -12.3808 2.0588 42.5961 -2.5721 -1.5903
27 -1 Car -1 -1 0.4529 265.1976 196.3696 367.6185 231.4775 1.4780 1.6224 3.9753 -13.2485 2.5709 32.5770 0.0666 -2.0904
28 -1 Car -1 -1 1.6561 657.8097 180.6471 689.3560 206.4163 1.5949 1.7250 4.6778 4.2991 2.1466 48.5915 1.7444 7.6769
28 -1 Car -1 -1 -1.3883 732.2523 179.8680 775.5914 207.9776 1.4979 1.6852 4.5238 8.4103 1.9306 42.0633 -1.1910 5.9590
28 -1 Car -1 -1 -2.0972 962.3867 160.9690 1014.5520 183.8386 1.5781 1.6235 3.7851 27.0309 0.7583 51.7124 -1.6156 1.7177
28 -1 Car -1 -1 1.3510 668.6907 182.6970 701.7534 203.8804 1.4970 1.6439 4.1349 5.6773 2.2789 55.1359 1.4536 0.4089
29 -1 Car -1 -1 1.6313 656.8085 180.7487 686.7680 206.9083 1.6177 1.7281 4.7270 4.1752 2.1765 48.5697 1.7170 7.6232
29 -1 Car -1 -1 -1.4142 734.7220 178.6517 774.6333 206.4006 1.5228 1.6739 4.3133 8.6113 1.8862 42.8728 -1.2160 6.5102
29 -1 Car -1 -1 1.5088 675.5714 184.5002 700.2552 205.6362 1.4859 1.6192 4.0012 5.8782 2.4069 54.9994 1.6153 1.0737
29 -1 Car -1 -1 0.8489 1159.0686 172.6522 1241.0000 201.5072 1.4747 1.5970 3.8146 31.7925 1.4647 38.8068 1.5353 -1.9071
29 -1 Car -1 -1 -0.1484 268.9613 181.2568 332.6432 205.9295 1.4975 1.5613 3.5801 -19.9424 2.0580 46.4896 -0.5536 -2.0313
30 -1 Car -1 -1 1.6601 656.2208 180.2847 688.3445 207.3025 1.6776 1.7487 4.6497 4.2115 2.2035 48.5854 1.7465 7.9061
30 -1 Car -1 -1 -1.4212 737.2845 179.5191 775.2440 206.7709 1.5214 1.6252 4.3551 8.8804 1.9473 43.7397 -1.2209 6.6132
30 -1 Car -1 -1 1.3660 670.7281 184.1404 702.2694 205.1422 1.4749 1.6174 3.9129 5.7514 2.3655 54.8773 1.4705 -0.0101
30 -1 Car -1 -1 -2.0701 962.5917 160.0788 1012.4825 183.0040 1.5856 1.6144 3.6497 26.9837 0.7024 51.7413 -1.5894 -0.0526
30 -1 Car -1 -1 -2.3135 1152.5051 175.3655 1239.8325 204.0397 1.4625 1.5717 3.7014 31.5619 1.6053 39.0263 -1.6334 -2.1814
31 -1 Car -1 -1 1.6394 656.5548 180.4311 687.4091 207.3667 1.6704 1.7534 4.6920 4.1896 2.2067 48.5763 1.7254 8.1427
31 -1 Car -1 -1 -1.4277 739.9676 180.6239 775.8478 206.3349 1.4593 1.6079 4.0240 9.1145 1.9614 44.4236 -1.2253 5.7769
31 -1 Car -1 -1 1.5090 674.9980 183.9464 700.1169 205.2104 1.4939 1.6415 4.2245 5.8566 2.3739 55.0740 1.6150 1.8241
32 -1 Car -1 -1 1.6529 655.9566 180.3451 687.5888 207.4939 1.6837 1.7424 4.7153 4.1768 2.2141 48.5789 1.7386 7.8284
32 -1 Car -1 -1 1.6604 742.2299 178.0659 775.2560 205.1645 1.5836 1.6649 4.1519 9.3358 1.9269 45.2468 1.8639 5.8824
32 -1 Car -1 -1 1.5144 675.1982 184.0044 700.1968 205.2314 1.4914 1.6612 3.9861 5.8462 2.3710 54.8598 1.6206 0.4370
32 -1 Car -1 -1 0.1722 270.2502 195.4344 355.7391 228.0720 1.4753 1.5754 3.6622 -14.5367 2.6196 35.3870 -0.2175 -1.3452
33 -1 Car -1 -1 1.6882 656.0354 180.4905 689.6202 207.1023 1.6485 1.7227 4.6133 4.2437 2.1882 48.5240 1.7754 7.0100
33 -1 Car -1 -1 -1.5443 744.9435 180.9905 772.3975 206.5187 1.5097 1.6166 3.9297 9.5010 2.0536 46.1023 -1.3411 6.2625
33 -1 Car -1 -1 -0.5789 982.0405 170.6190 1054.9439 192.9478 1.4803 1.6318 4.0577 27.5528 1.3325 48.7789 -0.0647 -0.6095
33 -1 Car -1 -1 1.9049 537.0629 185.3678 583.5362 212.1653 1.4746 1.6072 3.9547 -2.9956 2.2714 43.7994 1.8366 -1.0201
33 -1 Car -1 -1 0.5215 421.9399 181.6909 493.2805 209.3786 1.4619 1.5565 3.5926 -8.5198 1.9707 40.2140 0.3128 -1.7874
34 -1 Car -1 -1 1.6773 657.0755 180.0755 689.9580 206.8517 1.6624 1.7240 4.6084 4.2899 2.1728 48.5312 1.7655 8.1536
34 -1 Car -1 -1 -1.5355 746.3039 180.6788 774.4047 205.0137 1.4625 1.6477 4.2661 9.8180 1.9981 47.0872 -1.3300 6.7898
34 -1 Car -1 -1 -0.5662 971.7404 162.2692 1034.6066 184.4223 1.5355 1.5950 3.6031 27.6953 0.8022 50.9292 -0.0681 -1.3883
34 -1 Car -1 -1 -0.5921 983.6255 169.3659 1057.3927 191.7808 1.4858 1.6449 4.1204 27.7025 1.2549 48.8015 -0.0758 -1.7350
35 -1 Car -1 -1 1.6772 656.5059 179.9866 690.1664 207.4838 1.7062 1.7600 4.7939 4.2870 2.2120 48.5993 1.7652 7.8538
35 -1 Car -1 -1 -1.6020 748.8308 182.4403 775.8631 206.0832 1.4410 1.6204 3.9118 10.0067 2.1029 47.7191 -1.3953 6.9549
35 -1 Car -1 -1 1.5265 675.0639 183.4581 698.6146 204.3701 1.4706 1.5981 4.0173 5.7841 2.3076 54.8729 1.6315 1.1067
35 -1 Car -1 -1 -2.0714 956.9224 161.6136 1009.9694 184.5345 1.5893 1.6637 4.0283 26.8452 0.8103 52.0608 -1.5954 0.5575
35 -1 Car -1 -1 0.8593 329.5598 180.0236 399.6502 205.9033 1.4894 1.6669 4.3066 -15.1289 1.9482 44.3316 0.5304 0.3197
35 -1 Car -1 -1 0.9542 1160.5346 172.9083 1241.0000 201.9058 1.4780 1.6176 4.0044 31.8326 1.4814 38.8354 1.6408 0.1122
35 -1 Car -1 -1 0.8612 1156.9376 175.3032 1241.0000 207.8128 1.4964 1.5981 3.7683 29.0524 1.6234 35.3979 1.5485 -0.3058
36 -1 Car -1 -1 1.6475 656.3296 180.7045 687.3806 207.1702 1.6377 1.7294 4.6783 4.1785 2.1929 48.5472 1.7333 7.5116
36 -1 Car -1 -1 -1.5744 750.7076 182.0293 776.5024 205.4911 1.4566 1.6316 4.1168 10.3204 2.1038 48.6805 -1.3655 7.0951
36 -1 Car -1 -1 1.5176 675.4649 184.2901 700.3239 205.4696 1.4841 1.6591 4.0552 5.8608 2.3868 54.8600 1.6240 1.2036
36 -1 Car -1 -1 -2.0654 960.6938 160.4369 1013.3584 183.1559 1.5676 1.6453 3.9949 26.9644 0.7112 51.7933 -1.5854 0.0716
36 -1 Car -1 -1 -0.5466 975.3798 171.2830 1047.5035 193.5460 1.4758 1.6331 3.9881 27.0418 1.3720 48.7216 -0.0399 -1.0743
36 -1 Car -1 -1 0.8092 1165.0040 175.5864 1241.0000 204.8081 1.4729 1.5602 3.8983 32.1321 1.6276 38.7389 1.5016 -2.1907
37 -1 Car -1 -1 1.6581 657.1506 180.0620 688.8288 206.7230 1.6558 1.7272 4.6368 4.2560 2.1656 48.5582 1.7455 8.0210
37 -1 Car -1 -1 -1.5289 747.2083 182.1964 774.6732 205.5100 1.4697 1.6704 4.3998 10.4037 2.1438 49.6954 -1.3225 5.2043
37 -1 Car -1 -1 1.3064 670.3140 184.0126 704.3035 205.0949 1.4830 1.6143 3.8611 5.8187 2.3645 54.9406 1.4119 0.3506
37 -1 Car -1 -1 0.1629 261.3842 194.4778 349.8489 227.5456 1.4855 1.5949 3.7703 -14.8209 2.5778 35.2158 -0.2355 -2.0997
38 -1 Car -1 -1 1.6566 658.5103 180.1801 690.0162 206.9819 1.6642 1.7235 4.6160 4.3402 2.1821 48.5474 1.7458 8.1854
38 -1 Car -1 -1 1.6182 749.9598 178.0483 774.9899 200.5848 1.4702 1.5279 3.5448 10.5329 1.8432 49.8550 1.8264 1.5740
38 -1 Car -1 -1 1.4837 674.6430 183.6062 700.5635 204.5200 1.4719 1.6113 4.0002 5.8387 2.3199 54.8656 1.5898 0.4117
38 -1 Car -1 -1 -2.0797 962.5154 160.9152 1012.4742 183.2388 1.5437 1.6030 3.6302 26.9746 0.7185 51.7286 -1.5990 0.0357
39 -1 Car -1 -1 1.5877 657.8566 180.2842 685.1033 206.9088 1.6523 1.7393 4.7120 4.1454 2.1778 48.5647 1.6729 7.6977
39 -1 Car -1 -1 1.3344 667.1998 182.5047 701.1425 203.8377 1.5070 1.6554 4.0986 5.5876 2.2723 55.0475 1.4356 1.6205
39 -1 Car -1 -1 1.6238 750.9078 178.2759 778.2112 202.6333 1.6343 1.6972 4.0523 11.0486 2.0384 51.5554 1.8349 1.2237
39 -1 Car -1 -1 -0.6235 1216.4159 172.8470 1241.0000 260.9370 1.5159 1.6220 4.1495 14.2576 1.5161 13.5939 0.1857 -0.5212
39 -1 Car -1 -1 0.9687 494.1915 184.3587 557.5769 211.9579 1.4981 1.6500 4.2248 -5.1011 2.2193 43.0732 0.8508 -0.8654
40 -1 Car -1 -1 1.6581 656.9458 180.3554 688.4943 206.7715 1.6389 1.7206 4.6148 4.2375 2.1693 48.5596 1.7452 6.8496
40 -1 Car -1 -1 -1.5026 751.0589 181.8938 777.2622 203.7555 1.4690 1.6003 3.8282 11.1648 2.1498 52.2462 -1.2921 0.9109
40 -1 Car -1 -1 -2.0958 958.1276 160.6014 1011.9514 183.9339 1.6169 1.6657 3.9831 26.9428 0.7682 52.0265 -1.6179 0.8475
40 -1 Car -1 -1 1.5054 675.2477 183.8246 698.8153 204.6935 1.4740 1.5385 3.6238 5.7874 2.3346 54.7361 1.6107 0.2278
41 -1 Car -1 -1 1.6608 656.3063 179.9497 688.4255 207.1066 1.6866 1.7409 4.6707 4.2134 2.1884 48.5412 1.7474 6.7982
41 -1 Car -1 -1 -1.5856 751.7477 181.2587 775.0177 202.6378 1.4679 1.6184 4.1813 11.3066 2.1169 53.4806 -1.3772 4.3210
41 -1 Car -1 -1 1.4912 678.5222 181.8112 703.4934 202.7287 1.4830 1.5736 3.9031 6.0943 2.1884 54.8190 1.6019 1.1797
41 -1 Car -1 -1 -2.2626 1143.2355 167.3743 1237.4701 199.1414 1.5071 1.6072 3.8166 28.9175 1.2475 36.1504 -1.5879 -2.1195
42 -1 Car -1 -1 1.6575 656.8051 180.3277 688.5248 206.9732 1.6520 1.7298 4.6697 4.2342 2.1806 48.5542 1.7445 6.8948
42 -1 Car -1 -1 1.4457 679.0691 181.7876 705.3820 202.2978 1.4571 1.5244 3.7360 6.1817 2.1589 54.7715 1.5581 2.2606
42 -1 Car -1 -1 1.4705 749.6230 183.3381 776.5970 204.6242 1.4739 1.5954 3.7435 11.3583 2.2846 53.8222 1.6785 -0.9018
42 -1 Car -1 -1 0.8233 1160.7091 173.1880 1241.0000 202.0590 1.4738 1.5809 3.7848 31.8977 1.4931 38.8120 1.5112 -2.0118
42 -1 Car -1 -1 0.8501 331.3664 179.6385 402.0302 205.6811 1.4977 1.6704 4.3151 -14.9670 1.9310 44.2346 0.5238 -2.0297
43 -1 Car -1 -1 1.6494 657.8384 180.2887 688.9671 206.9998 1.6555 1.7250 4.6733 4.2808 2.1812 48.5273 1.7374 7.3527
43 -1 Car -1 -1 -1.5522 751.5831 180.3102 773.4464 201.0056 1.4838 1.5693 3.8874 11.6879 2.0770 55.2922 -1.3439 1.2817
43 -1 Car -1 -1 1.4281 673.3901 183.8679 701.1854 204.6675 1.4711 1.5861 3.7055 5.8197 2.3383 54.9022 1.5337 0.1229
43 -1 Car -1 -1 -2.7984 473.8369 184.5235 550.8298 213.4746 1.4926 1.6047 3.8441 -5.3395 2.1482 39.3320 -2.9334 -0.7449
43 -1 Car -1 -1 0.8446 1149.2140 174.9650 1241.0000 204.0630 1.4831 1.6273 4.1816 31.7093 1.6044 39.2071 1.5247 -1.5456
43 -1 Car -1 -1 0.1642 263.6434 197.2529 351.2535 230.4262 1.4831 1.6000 3.7358 -14.7435 2.7161 35.2417 -0.2321 -1.9661
44 -1 Car -1 -1 1.6228 657.0674 180.6755 686.5455 207.3588 1.6540 1.7391 4.6349 4.1736 2.2069 48.5546 1.7086 8.0370
44 -1 Car -1 -1 -1.6205 749.6160 183.2377 773.0347 203.7297 1.4802 1.5842 4.1112 11.7796 2.3240 56.4515 -1.4148 3.6671
44 -1 Car -1 -1 1.4947 674.0194 183.5898 699.8548 204.8676 1.4953 1.6388 4.1214 5.7895 2.3434 54.8898 1.5998 1.4062
44 -1 Car -1 -1 -2.2761 1121.8260 170.9672 1217.4124 202.3455 1.4727 1.6152 3.8796 27.6350 1.3845 35.8392 -1.6192 -1.6220
44 -1 Car -1 -1 1.4286 518.0917 185.6160 555.2533 213.6845 1.5196 1.6463 4.0557 -4.4692 2.3223 43.1973 1.3255 -1.7355
45 -1 Car -1 -1 1.6398 656.9027 180.8511 687.6286 207.7905 1.6675 1.7431 4.6731 4.2062 2.2331 48.5527 1.7262 8.2326
45 -1 Car -1 -1 -1.6835 749.5280 181.9403 775.1705 201.8258 1.4760 1.5711 3.7827 12.0395 2.2226 57.2996 -1.4764 2.2274
45 -1 Car -1 -1 1.4985 675.7459 183.4922 701.2367 204.7823 1.4974 1.6310 4.0579 5.9051 2.3369 54.8566 1.6057 1.3679
45 -1 Car -1 -1 -2.2366 347.2645 169.9465 411.2880 194.0954 1.4745 1.6286 4.2031 -14.7342 1.2974 45.9059 -2.5472 0.9140
45 -1 Car -1 -1 -2.4877 364.8040 182.0794 440.3048 208.7179 1.4843 1.6247 4.1728 -12.3309 2.0509 42.7684 -2.7684 -1.1272
45 -1 Car -1 -1 0.2608 269.3140 197.8442 361.2177 230.3643 1.4762 1.6062 3.8921 -14.4310 2.7386 35.3945 -0.1264 -1.7695
45 -1 Car -1 -1 -2.3622 1155.5810 174.3611 1241.0000 203.4653 1.4799 1.5705 3.8430 31.7390 1.5657 38.8882 -1.6777 -1.9707
46 -1 Car -1 -1 1.6349 657.1179 180.5660 687.3772 206.6865 1.6169 1.7331 4.6942 4.2053 2.1626 48.5604 1.7213 8.0220
46 -1 Car -1 -1 1.4864 677.4843 183.7019 702.0408 204.3968 1.4616 1.5420 3.6796 5.9961 2.3133 54.7631 1.5955 1.6097
46 -1 Car -1 -1 -1.6746 749.3534 180.5874 775.4394 200.6575 1.5183 1.6307 4.2417 12.2857 2.1689 58.4674 -1.4675 1.5986
46 -1 Car -1 -1 0.8579 326.6553 179.4118 399.3831 205.9522 1.5309 1.7063 4.4975 -15.2544 1.9519 44.4084 0.5270 0.9680
46 -1 Car -1 -1 -1.9189 268.1413 166.0509 305.7697 184.4350 1.5037 1.6275 4.0213 -27.3689 0.9476 61.0257 -2.3405 -1.9696
47 -1 Car -1 -1 1.7064 655.4133 180.1031 689.9652 206.3738 1.6308 1.7157 4.5566 4.2351 2.1429 48.5293 1.7935 7.0664
47 -1 Car -1 -1 -1.5823 752.9444 183.2809 773.2475 202.6323 1.4760 1.5807 3.9223 12.5412 2.3640 59.3475 -1.3741 2.7466
47 -1 Car -1 -1 1.4518 677.6381 183.5541 703.8055 204.3770 1.4728 1.5311 3.8136 6.0828 2.3159 54.9121 1.5621 1.7287
47 -1 Car -1 -1 -2.2679 337.2008 179.3549 404.6033 205.1933 1.4803 1.6476 4.1070 -14.6347 1.8932 44.0087 -2.5890 -1.2919
48 -1 Car -1 -1 1.6330 658.4631 180.4267 688.0230 207.2320 1.6634 1.7043 4.4350 4.2547 2.1961 48.4020 1.7207 6.8544
48 -1 Car -1 -1 1.5018 678.9632 184.2088 702.4406 204.7703 1.4503 1.5188 3.6331 6.0705 2.3418 54.7768 1.6122 1.7024
48 -1 Car -1 -1 -1.5364 750.9841 182.1526 772.0022 201.1676 1.4821 1.5890 3.9698 12.6893 2.2884 60.4233 -1.3294 1.1242
48 -1 Car -1 -1 0.9033 1154.6044 173.4352 1240.2646 201.9501 1.4663 1.5917 3.7831 31.6698 1.4997 39.0797 1.5844 -0.8030
48 -1 Car -1 -1 1.0371 347.9934 173.4483 401.8872 197.9976 1.4871 1.5518 3.7345 -14.9149 1.5265 45.6073 0.7211 -2.1177
49 -1 Car -1 -1 1.6659 656.8644 180.2982 688.8903 207.4857 1.6888 1.7216 4.5648 4.2456 2.2146 48.5317 1.7531 7.1579
49 -1 Car -1 -1 -1.5588 752.6678 185.0976 772.5586 204.0539 1.4837 1.6041 4.1340 13.0068 2.5647 61.4943 -1.3503 1.9819
49 -1 Car -1 -1 1.3422 674.2505 182.9028 705.9674 203.7584 1.4730 1.5899 3.6966 6.0140 2.2627 54.7472 1.4516 1.4761
49 -1 Car -1 -1 2.5548 985.3857 169.2054 1054.0711 191.3963 1.4684 1.5998 3.7752 27.5800 1.2273 48.6747 3.0703 0.0737
49 -1 Car -1 -1 -2.0940 962.6517 161.4159 1014.4849 184.0312 1.5601 1.6205 3.7599 27.0237 0.7714 51.6836 -1.6122 -1.3328
50 -1 Car -1 -1 1.6212 658.1095 180.6656 687.4538 207.0675 1.6327 1.7324 4.6949 4.2355 2.1847 48.5065 1.7083 6.9722
50 -1 Car -1 -1 1.4725 674.8864 183.7807 699.9609 204.5889 1.4655 1.5319 3.6043 5.7925 2.3189 54.5201 1.5784 2.2524
51 -1 Car -1 -1 1.6106 657.1928 180.5489 686.0485 207.7542 1.6836 1.7467 4.7756 4.1597 2.2280 48.5297 1.6961 7.5103
51 -1 Car -1 -1 1.4795 677.0295 184.7320 702.2238 205.2088 1.4360 1.5657 3.5800 5.9559 2.3632 54.4931 1.5884 2.5227
51 -1 Car -1 -1 -1.6380 748.4371 185.5717 769.8872 203.5985 1.4650 1.5909 3.7756 13.0578 2.6179 63.4059 -1.4349 1.8237
51 -1 Car -1 -1 0.7124 344.8717 173.7124 415.9349 197.9634 1.4835 1.6475 4.2609 -14.6243 1.5403 45.8437 0.4036 -2.0506
52 -1 Car -1 -1 1.6523 657.5016 180.1661 689.2124 207.1273 1.6732 1.7493 4.7335 4.2858 2.1913 48.6026 1.7403 8.2892
52 -1 Car -1 -1 1.4456 749.3222 184.7567 773.3924 202.6762 1.4825 1.6118 4.0162 13.4768 2.5811 64.5046 1.6516 1.3094
52 -1 Car -1 -1 1.4772 674.6869 183.3640 701.6370 204.7399 1.5043 1.6548 4.0925 5.8777 2.3337 54.8541 1.5840 1.1179
52 -1 Car -1 -1 -2.2804 1145.3099 162.4448 1241.0000 197.1934 1.6321 1.6333 3.8511 28.8388 1.1435 35.8367 -1.6028 -1.7567
53 -1 Car -1 -1 1.6266 657.2233 180.6782 687.0395 207.7183 1.6739 1.7396 4.7151 4.1957 2.2273 48.5431 1.7128 8.0999
53 -1 Car -1 -1 1.4892 677.7766 184.0483 702.1956 204.6153 1.4502 1.5407 3.6907 6.0141 2.3294 54.7722 1.5985 1.3477
53 -1 Car -1 -1 1.6068 749.8529 185.1802 769.4173 202.8711 1.4856 1.6030 4.0612 13.6436 2.6464 65.7649 1.8113 0.5797
53 -1 Car -1 -1 -2.2218 324.5789 177.7305 393.4693 204.3805 1.5491 1.6801 4.4199 -15.5576 1.8636 44.5594 -2.5578 -1.2297
53 -1 Car -1 -1 -2.0665 265.8808 167.5717 308.7588 185.8303 1.4956 1.6202 3.9504 -27.2962 1.0633 60.9459 -2.4876 -2.1000
53 -1 Car -1 -1 0.4085 275.5501 190.9926 385.8544 226.3281 1.4976 1.6593 4.3212 -12.5377 2.3363 32.4306 0.0396 -2.1706
54 -1 Car -1 -1 1.6441 657.4193 180.3757 688.3493 207.0066 1.6530 1.7406 4.6452 4.2509 2.1852 48.5883 1.7314 8.1691
54 -1 Car -1 -1 1.4896 678.6553 184.1440 702.9698 204.6778 1.4476 1.5357 3.6704 6.0763 2.3340 54.7650 1.6001 1.4338
54 -1 Car -1 -1 -2.2256 319.3213 179.2061 379.6933 204.0429 1.4636 1.5997 3.7360 -16.3139 1.8755 45.0569 -2.5729 -0.3397
54 -1 Car -1 -1 -1.6954 747.4267 185.6851 770.2466 202.9986 1.4875 1.5924 3.9511 13.7769 2.7161 67.0332 -1.4927 -0.6454
54 -1 Car -1 -1 -2.4925 366.3583 181.9958 440.5140 208.5876 1.4809 1.6029 4.0771 -12.2538 2.0409 42.6845 -2.7721 -1.4683
55 -1 Car -1 -1 1.6526 657.1845 180.7602 688.4231 207.9112 1.6833 1.7271 4.5554 4.2382 2.2415 48.5139 1.7398 7.0882
55 -1 Car -1 -1 -2.0682 962.5200 160.9634 1014.6979 183.4866 1.5531 1.6333 3.9208 27.0433 0.7335 51.7233 -1.5865 0.4838
55 -1 Car -1 -1 1.4934 677.3371 184.4020 702.1116 205.4912 1.4869 1.5771 3.8278 6.0099 2.3974 54.9285 1.6024 0.3840
55 -1 Car -1 -1 -1.6791 747.4225 185.5404 769.4803 202.6524 1.4917 1.6012 4.1043 13.9725 2.7277 68.1554 -1.4769 -0.1032
56 -1 Car -1 -1 1.6631 656.6592 180.2500 688.6118 206.8684 1.6521 1.7263 4.5997 4.2305 2.1749 48.5412 1.7500 7.2008
56 -1 Car -1 -1 -1.5606 750.1000 184.3517 767.3219 200.9345 1.4755 1.5714 3.8743 14.2448 2.6101 69.1154 -1.3574 1.8311
56 -1 Car -1 -1 1.4832 679.4741 181.6318 703.2544 202.0134 1.4496 1.4724 3.6684 6.1187 2.1388 54.7622 1.5945 1.1571
56 -1 Car -1 -1 0.9016 493.1622 184.5322 558.0386 211.7253 1.4855 1.6336 4.1476 -5.1278 2.2183 43.2089 0.7835 -1.6874
57 -1 Car -1 -1 1.6283 657.3486 180.2258 686.8575 206.3253 1.6201 1.7188 4.5662 4.1895 2.1405 48.5155 1.7144 7.7378
57 -1 Car -1 -1 -1.5511 748.7607 184.0029 766.0905 200.3538 1.4807 1.5789 3.9767 14.3750 2.6004 70.3309 -1.3495 1.2154
57 -1 Car -1 -1 1.4895 678.0904 184.2492 703.3849 205.1097 1.4601 1.5894 3.8122 6.0422 2.3522 54.5342 1.5999 1.0014
57 -1 Car -1 -1 0.8445 1139.3356 169.0764 1235.3570 200.2208 1.4775 1.6010 3.8508 28.7995 1.2986 36.1928 1.5166 -1.4676
57 -1 Car -1 -1 1.9704 272.8762 179.0226 318.9843 201.6454 1.4835 1.5929 3.8001 -21.8469 1.9299 50.2610 1.5603 -2.0212
58 -1 Car -1 -1 1.6461 658.0581 180.9936 688.9132 207.0522 1.6085 1.7192 4.7089 4.2873 2.1842 48.5367 1.7342 8.4203
58 -1 Car -1 -1 -1.6579 746.9416 183.6963 766.7819 199.7126 1.4804 1.5869 3.9177 14.5062 2.5856 71.4841 -1.4576 1.0339
58 -1 Car -1 -1 1.4884 672.4442 182.5034 698.2120 203.5668 1.4929 1.6204 4.0550 5.6851 2.2569 55.0535 1.5913 0.8661
58 -1 Car -1 -1 0.8580 345.2523 170.2703 407.3130 194.4042 1.4751 1.5802 3.8976 -14.8767 1.3175 45.7823 0.5439 -2.0600
59 -1 Car -1 -1 1.6296 657.4822 180.7449 687.3251 207.6025 1.6623 1.7301 4.6418 4.2097 2.2196 48.5014 1.7162 7.9771
59 -1 Car -1 -1 1.4728 678.6434 184.2752 703.2328 204.5821 1.4319 1.4990 3.6581 6.0877 2.3286 54.7820 1.5835 1.6272
59 -1 Car -1 -1 0.8793 321.4737 179.1834 389.1626 204.7224 1.4873 1.6569 4.1944 -15.8253 1.8954 44.6910 0.5389 0.2611
59 -1 Car -1 -1 -1.9546 965.8124 159.8889 1011.9052 184.4836 1.6954 1.6398 3.7286 27.0423 0.8020 51.6711 -1.4724 -0.1250
60 -1 Car -1 -1 1.6562 656.2713 180.8475 687.7929 207.0314 1.6186 1.7226 4.6621 4.1898 2.1838 48.5365 1.7423 8.2459
60 -1 Car -1 -1 1.5032 679.4558 184.4861 702.8243 205.0272 1.4367 1.5047 3.5925 6.0571 2.3429 54.3604 1.6142 1.4957
60 -1 Car -1 -1 1.4831 690.7080 186.0974 711.9564 204.0636 1.4740 1.5368 3.7990 8.0473 2.6837 63.9607 1.6083 -0.7395
60 -1 Car -1 -1 -2.2290 320.9635 179.2626 381.1912 204.2562 1.4621 1.5915 3.6822 -16.0941 1.8744 44.7190 -2.5745 -1.3663
60 -1 Car -1 -1 2.5659 977.3730 169.9716 1049.6253 192.4327 1.4888 1.6352 4.0208 27.2117 1.2981 48.7720 3.0748 -1.7133
61 -1 Car -1 -1 1.6524 656.4198 180.4741 687.7495 206.8606 1.6349 1.7268 4.6742 4.1958 2.1741 48.5664 1.7386 7.8435
61 -1 Car -1 -1 -0.5274 968.5731 168.9861 1042.3607 191.6317 1.4999 1.6300 4.1005 26.6015 1.2441 48.6581 -0.0271 -0.3042
61 -1 Car -1 -1 -0.5627 972.3371 159.8639 1035.7960 183.4182 1.6309 1.6286 3.6164 27.7326 0.7318 50.8846 -0.0637 -1.2644
62 -1 Car -1 -1 1.6532 656.8240 180.2319 688.2718 207.5106 1.6929 1.7306 4.6701 4.2255 2.2148 48.5476 1.7400 6.6451
62 -1 Car -1 -1 1.4988 679.2790 184.4353 702.9905 205.0787 1.4438 1.5130 3.6200 6.0563 2.3463 54.3622 1.6097 1.5553
62 -1 Car -1 -1 -2.2335 320.8251 179.5201 383.3865 204.6721 1.4741 1.6151 3.8879 -16.1036 1.9053 44.9180 -2.5777 -1.6333
63 -1 Car -1 -1 1.6612 656.3622 180.4822 688.6333 207.5953 1.6814 1.7514 4.6677 4.2254 2.2213 48.5746 1.7479 8.3532
63 -1 Car -1 -1 1.5044 678.2739 183.6987 701.8492 204.5285 1.4712 1.5336 3.6466 6.0181 2.3223 54.7455 1.6139 0.5365
63 -1 Car -1 -1 0.8592 326.4012 177.9950 399.3123 204.8371 1.5551 1.7088 4.5126 -15.2590 1.8851 44.3917 0.5281 0.3231
64 -1 Car -1 -1 1.6674 657.0636 180.1429 689.1590 207.2640 1.6865 1.7235 4.5199 4.2603 2.2012 48.5250 1.7550 7.5363
64 -1 Car -1 -1 1.4589 676.3052 183.5571 702.4992 204.4390 1.4686 1.5389 3.9357 5.9612 2.3101 54.7318 1.5674 1.1689
65 -1 Car -1 -1 1.6506 656.6668 179.3959 688.9553 208.1916 1.7889 1.7854 4.7925 4.2392 2.2515 48.4734 1.7379 6.2426
65 -1 Car -1 -1 1.4800 672.1995 182.6253 698.6359 204.0962 1.5226 1.6356 4.1070 5.6961 2.2972 55.1055 1.5830 1.7511
65 -1 Car -1 -1 -2.2351 1121.5704 172.9094 1211.9241 203.9427 1.4659 1.5980 3.7314 27.5957 1.4692 35.9608 -1.5805 -1.4289
66 -1 Car -1 -1 1.6623 658.1341 179.9937 690.2936 206.9601 1.6737 1.7352 4.6857 4.3382 2.1788 48.5444 1.7514 7.9493
66 -1 Car -1 -1 1.4455 672.4812 184.1660 699.2336 205.1294 1.4732 1.5595 3.6665 5.6749 2.3577 54.5477 1.5491 1.5699
66 -1 Car -1 -1 -2.2301 323.2141 179.2465 386.4189 204.5790 1.4818 1.6213 3.9485 -15.9067 1.8949 44.8346 -2.5711 -0.6403
66 -1 Car -1 -1 1.7735 601.3150 142.3651 642.6225 170.3756 1.5246 1.6018 4.1057 0.7120 -0.1508 41.8335 1.7905 -1.2777
66 -1 Car -1 -1 0.4183 269.0301 192.5680 373.9044 227.3599 1.4778 1.6400 4.0812 -13.0074 2.3924 32.5599 0.0383 -2.1062
67 -1 Car -1 -1 1.6658 656.2277 180.6117 688.0365 207.1364 1.6457 1.7116 4.5229 4.1951 2.1935 48.5356 1.7521 7.9625
67 -1 Car -1 -1 1.4900 675.0431 182.5725 700.7380 203.6145 1.4863 1.6170 4.0122 5.8602 2.2529 54.8614 1.5964 1.6251
67 -1 Car -1 -1 -1.5251 536.3223 182.0042 570.6106 212.9297 1.5433 1.6758 4.3636 -3.0797 2.0728 39.5177 -1.6029 0.4840
67 -1 Car -1 -1 0.8160 1158.8126 172.4537 1241.0000 201.2569 1.4741 1.5930 3.7527 31.8239 1.4540 38.8519 1.5023 -1.2913
68 -1 Car -1 -1 1.6778 656.8037 180.6845 689.0607 206.8228 1.6228 1.7008 4.4098 4.2464 2.1750 48.5171 1.7651 7.1326
68 -1 Car -1 -1 1.3347 671.9137 183.9323 703.6418 204.7646 1.4667 1.5834 3.6216 5.8345 2.3363 54.7139 1.4409 1.0062
68 -1 Car -1 -1 0.8828 1148.8968 172.0236 1241.0000 203.1661 1.4648 1.5585 3.7373 28.8972 1.4261 35.8102 1.5618 -0.6851
68 -1 Car -1 -1 0.8778 1198.5595 169.4633 1241.0000 203.4216 1.4572 1.5600 3.5115 28.8462 1.3121 32.7377 1.6000 -0.9235
68 -1 Car -1 -1 1.4371 697.1280 185.0328 722.0623 203.8356 1.4992 1.5965 4.0578 8.5276 2.5836 62.1898 1.5734 -1.5302
68 -1 Car -1 -1 2.4738 981.4213 168.4329 1047.3176 190.5385 1.4582 1.5802 3.6922 27.2224 1.1670 48.6652 2.9838 -1.7135
68 -1 Car -1 -1 -2.0765 962.0120 161.6207 1012.9019 184.2977 1.5645 1.6220 3.7242 26.9327 0.7899 51.6594 -1.5960 -1.7731
68 -1 Car -1 -1 0.8740 1155.4733 173.3114 1241.0000 202.0740 1.4797 1.6025 3.7725 31.7531 1.5060 39.0753 1.5564 -2.0080
69 -1 Car -1 -1 1.6372 658.3211 180.0474 688.6099 207.1605 1.6847 1.7293 4.5753 4.2801 2.1924 48.4932 1.7252 6.7638
69 -1 Car -1 -1 1.4982 675.3372 184.7114 699.3130 205.6540 1.4690 1.5425 3.4856 5.7718 2.3921 54.3781 1.6040 0.6424
69 -1 Car -1 -1 0.9013 1158.0815 172.6444 1241.0000 201.3193 1.4689 1.6063 4.0459 31.9048 1.4586 38.9953 1.5870 0.2585
69 -1 Car -1 -1 0.8648 333.5074 179.6148 400.9052 205.2537 1.4799 1.6471 4.1147 -14.9692 1.9122 44.3369 0.5392 -0.2625
69 -1 Car -1 -1 -2.0409 963.7337 160.2707 1014.4423 183.4640 1.5980 1.6360 3.8614 27.0427 0.7314 51.6527 -1.5586 -0.6956
70 -1 Car -1 -1 1.6761 656.6858 179.7109 689.9535 207.1983 1.7111 1.7524 4.6617 4.2833 2.1966 48.5934 1.7641 7.3534
70 -1 Car -1 -1 1.4706 675.0536 183.5655 700.4600 204.3353 1.4680 1.5530 3.6384 5.8366 2.3076 54.7011 1.5769 1.1023
70 -1 Car -1 -1 -2.2814 1156.9571 173.6802 1241.0000 202.1095 1.4590 1.5690 3.6721 31.7341 1.5061 38.9918 -1.5982 -0.3220
70 -1 Car -1 -1 0.8726 328.3306 179.8297 397.2632 205.5547 1.4848 1.6601 4.2650 -15.2758 1.9323 44.4347 0.5414 -0.6822
70 -1 Car -1 -1 1.4372 694.4819 185.0522 719.4994 203.9108 1.4978 1.5979 4.0513 8.2711 2.5799 61.9531 1.5700 -2.1550
71 -1 Car -1 -1 1.6278 658.8615 180.9847 688.1412 206.9180 1.6037 1.7038 4.5854 4.2828 2.1777 48.5095 1.7159 7.2873
71 -1 Car -1 -1 0.9282 1124.6349 174.3888 1214.6422 206.0489 1.4728 1.6022 3.7049 27.4654 1.5529 35.6072 1.5852 -1.2440
71 -1 Car -1 -1 1.4375 694.4763 185.0101 719.5373 203.9101 1.4980 1.5978 4.0515 8.2543 2.5740 61.8190 1.5702 -2.0214
72 -1 Car -1 -1 1.7223 656.5577 180.2756 691.9603 207.2426 1.6756 1.7175 4.4634 4.3381 2.1993 48.5066 1.8115 7.7607
72 -1 Car -1 -1 1.4432 674.3642 183.5625 701.2023 204.4108 1.4720 1.5611 3.6857 5.8380 2.3120 54.7121 1.5495 1.2598
72 -1 Car -1 -1 -2.2592 1155.5007 178.9699 1241.0000 208.1969 1.4723 1.5889 3.8850 31.8030 1.8206 39.1060 -1.5765 0.1443
72 -1 Car -1 -1 0.9052 1147.0833 167.6929 1241.0000 199.2245 1.4782 1.6042 3.9232 28.8538 1.2366 35.7946 1.5837 -1.2992
72 -1 Car -1 -1 -2.2735 326.5533 180.1481 396.0146 206.7726 1.5368 1.6702 4.2836 -15.3732 2.0048 44.4485 -2.6065 -1.7013
73 -1 Car -1 -1 1.6638 655.9872 180.1897 688.0346 207.2737 1.6833 1.7332 4.5580 4.1877 2.2015 48.5356 1.7499 7.8553
73 -1 Car -1 -1 -2.0732 962.0758 159.7474 1012.5806 183.5183 1.6441 1.6329 3.6846 26.9784 0.7380 51.7621 -1.5928 2.4516
73 -1 Car -1 -1 1.4960 678.1554 184.4366 702.9028 205.2721 1.4675 1.5831 3.8476 6.0720 2.3811 54.9372 1.6060 0.5730
73 -1 Car -1 -1 1.9569 352.4079 173.0389 389.6179 191.7139 1.4565 1.5681 3.7137 -19.2603 1.4723 58.2139 1.6374 -0.6224
73 -1 Car -1 -1 0.2399 270.5172 195.0014 360.9258 227.4065 1.4758 1.6053 3.8368 -14.4104 2.5959 35.4012 -0.1466 -0.9427
73 -1 Car -1 -1 1.4394 693.3692 184.9480 718.4473 203.9110 1.4975 1.5988 4.0537 8.1297 2.5643 61.5912 1.5706 -1.7777
74 -1 Car -1 -1 1.6550 656.8831 180.0556 688.2887 206.6169 1.6493 1.7239 4.6146 4.2260 2.1582 48.5324 1.7418 7.4507
74 -1 Car -1 -1 1.4570 676.3564 183.5566 702.7527 204.4565 1.4706 1.5564 3.8278 5.9645 2.3101 54.6502 1.5657 1.4021
74 -1 Car -1 -1 0.9098 1162.3517 172.8097 1241.0000 201.6084 1.4777 1.5897 3.8036 31.9932 1.4757 38.9418 1.5975 0.2325
74 -1 Car -1 -1 -2.0981 961.1977 161.7074 1014.2100 184.4379 1.5667 1.6431 3.8542 26.9637 0.7988 51.6931 -1.6173 -0.0905
74 -1 Car -1 -1 0.8870 331.6865 180.0535 399.4746 206.0977 1.4983 1.6479 4.2176 -15.0699 1.9592 44.3293 0.5593 -1.4692
75 -1 Car -1 -1 1.6452 656.8484 180.9269 687.8514 207.5092 1.6433 1.7354 4.6949 4.2121 2.2143 48.5495 1.7317 8.2618
75 -1 Car -1 -1 1.4905 677.1276 183.9133 702.2540 205.2207 1.5047 1.5898 3.8732 6.0083 2.3773 54.9444 1.5994 0.6627
75 -1 Car -1 -1 -2.0587 964.0991 160.3851 1013.8853 184.9652 1.6965 1.6255 3.6537 27.0289 0.8363 51.6294 -1.5764 -0.1902
75 -1 Car -1 -1 0.3654 486.5095 181.4427 557.0266 206.9205 1.4780 1.6068 3.9517 -5.3938 2.0166 43.9574 0.2433 -1.4852
76 -1 Car -1 -1 1.6457 657.1369 180.3614 688.0858 207.6032 1.6893 1.7310 4.6577 4.2269 2.2200 48.5234 1.7326 6.8152
76 -1 Car -1 -1 1.4898 678.6994 184.2094 702.7714 204.8408 1.4553 1.5200 3.6497 6.0716 2.3467 54.7707 1.6002 1.7342
76 -1 Car -1 -1 -2.1064 961.4817 162.5114 1014.3720 183.8858 1.4736 1.6035 3.8671 26.9915 0.7609 51.7155 -1.6254 -0.6742
76 -1 Car -1 -1 -2.3009 378.2901 177.6469 452.4395 208.1804 1.5680 1.6452 4.0184 -10.6841 1.8419 39.3950 -2.5658 -1.5598
77 -1 Car -1 -1 1.6504 658.9006 180.0382 689.7377 206.8825 1.6711 1.7175 4.4564 4.3380 2.1778 48.5088 1.7396 7.6956
77 -1 Car -1 -1 1.5163 675.5029 183.7266 699.7214 204.8831 1.4880 1.6094 3.9986 5.8426 2.3460 54.8766 1.6224 1.3104
77 -1 Car -1 -1 -2.4037 341.3128 172.2407 407.1325 196.3198 1.4818 1.6106 3.9179 -15.0464 1.4444 45.9366 -2.7202 -0.3244
77 -1 Car -1 -1 0.9045 488.8693 183.7096 557.5521 211.2768 1.5077 1.6887 4.4715 -5.2944 2.1930 43.3485 0.7829 -0.6487
