0 -1 Car -1 -1 3.4153 0.0000 133.8949 41.0415 196.9474 1.4734 1.5849 3.8859 -17.1255 0.3860 18.1223 2.6582 -0.1536
0 -1 Car -1 -1 -0.0651 406.3780 155.5112 468.9422 179.4697 1.4944 1.6204 3.8244 -10.7922 -0.0670 45.5491 -0.2977 -0.1611
0 -1 Car -1 -1 -1.4384 513.8606 148.4946 554.3682 179.3923 1.5088 1.6033 3.7601 -3.6263 -0.0589 36.5657 -1.5372 -1.1338
0 -1 Car -1 -1 -1.9175 193.5156 158.0065 275.9123 199.8075 1.4561 1.5736 3.6569 -13.9123 0.6741 26.4379 -2.4019 -2.0854
0 -1 Car -1 -1 1.5138 487.8535 145.4087 530.7951 184.7307 1.6490 1.6700 4.1130 -4.3825 0.1789 31.8243 1.3770 -2.0858
0 -1 Car -1 -1 1.6484 492.5238 151.4509 524.2292 177.7129 1.4713 1.5763 3.8071 -5.6981 -0.1718 41.9669 1.5134 -2.1090
1 -1 Car -1 -1 -0.1122 403.2454 154.9057 470.8194 179.0923 1.5075 1.6031 4.0939 -10.8569 -0.0925 45.6794 -0.3455 -0.6509
1 -1 Car -1 -1 -1.5352 555.1985 151.0780 591.3066 183.9421 1.4655 1.5745 3.6781 -1.4685 0.1550 33.3696 -1.5792 -0.9994
1 -1 Car -1 -1 -0.1157 494.9675 149.8862 570.2899 177.3245 1.5362 1.6512 4.1954 -4.2365 -0.1891 41.1331 -0.2184 -1.5437
1 -1 Car -1 -1 -1.4589 480.0600 152.0041 521.3335 183.8987 1.4794 1.5929 3.7866 -5.0803 0.1591 34.7089 -1.6043 -1.6039
1 -1 Car -1 -1 -1.5010 535.4421 150.6267 572.3765 181.2567 1.4779 1.6087 3.9823 -2.5706 0.0380 36.1029 -1.5721 -2.1735
1 -1 Car -1 -1 -1.8702 0.0000 114.0452 173.9733 213.7350 1.4962 1.6166 4.0105 -9.4141 0.5005 12.4334 -2.5183 -2.1775
2 -1 Car -1 -1 -0.1136 405.4210 155.5728 471.6452 179.3315 1.4807 1.6172 4.0035 -10.7516 -0.0765 45.6396 -0.3450 0.1743
2 -1 Car -1 -1 -1.5045 541.0974 146.9463 578.0459 178.7852 1.5083 1.6086 3.8283 -2.2528 -0.0896 35.6144 -1.5676 -1.2025
2 -1 Car -1 -1 -1.2919 370.9827 149.5935 418.7582 177.4774 1.4914 1.6047 3.8488 -11.8805 -0.1786 40.1626 -1.5795 -1.2915
2 -1 Car -1 -1 1.2867 0.0000 136.4426 40.3290 197.0621 1.4890 1.6036 3.9699 -17.1031 0.4084 19.0915 0.5562 -2.0826
3 -1 Car -1 -1 -0.0952 402.5842 155.3118 469.9452 179.0835 1.4814 1.6379 4.0947 -10.9059 -0.0931 45.6667 -0.3296 0.6524
3 -1 Car -1 -1 -1.3806 517.4914 148.0640 579.5540 191.2006 1.5291 1.6302 4.1013 -2.1118 0.3808 27.1878 -1.4581 -0.6454
3 -1 Car -1 -1 -2.4844 168.8372 150.1998 292.5413 193.8819 1.5601 1.6252 3.9011 -13.9532 0.4795 26.3799 -2.9709 -0.8919
3 -1 Car -1 -1 1.9975 217.8969 143.8513 290.7370 176.6856 1.4969 1.6341 4.1702 -17.1844 -0.1979 34.8308 1.5391 -0.9161
3 -1 Car -1 -1 -1.5549 533.8888 147.8182 569.2820 180.8114 1.4668 1.5717 3.6673 -2.5050 0.0153 33.3063 -1.6299 -1.6562
3 -1 Car -1 -1 -1.6351 13.2557 153.3061 61.4426 185.1356 1.4723 1.5958 3.7935 -27.8576 0.2159 34.6379 -2.3124 -1.8751
4 -1 Car -1 -1 1.8708 340.8027 145.6447 403.1273 182.9023 1.6073 1.6274 3.9377 -10.6376 0.1051 32.4800 1.5543 3.0214
4 -1 Car -1 -1 -0.1062 405.7451 155.5403 471.4099 179.2828 1.4800 1.6133 3.9769 -10.7486 -0.0797 45.6353 -0.3375 0.0324
4 -1 Car -1 -1 -2.6262 21.4400 155.5669 131.7542 187.6490 1.4885 1.6046 3.9560 -25.2307 0.3331 33.8428 -3.2668 -0.3720
5 -1 Car -1 -1 -1.4163 481.1150 150.8748 529.9634 186.2089 1.4560 1.5773 3.6403 -4.3139 0.2367 30.9619 -1.5547 0.9158
5 -1 Car -1 -1 -1.4391 485.1263 151.0473 527.7339 181.7653 1.4916 1.6459 4.1190 -5.0252 0.0629 36.3928 -1.5763 -0.3497
5 -1 Car -1 -1 -0.0630 402.6204 155.2353 469.5259 179.5594 1.5169 1.6431 4.0996 -10.9018 -0.0612 45.5832 -0.2978 -0.6286
5 -1 Car -1 -1 -1.1618 260.4412 159.2909 345.6033 200.7325 1.5043 1.6118 3.9757 -11.7185 0.7359 27.6546 -1.5626 -1.4952
6 -1 Car -1 -1 -0.0992 401.7077 155.8298 469.2645 179.5709 1.4807 1.6385 4.0997 -10.9523 -0.0606 45.6529 -0.3347 1.1158
6 -1 Car -1 -1 3.5574 177.2412 154.9913 298.3472 197.1570 1.5272 1.6053 3.7008 -13.7226 0.6048 26.5185 3.0799 -0.1625
6 -1 Car -1 -1 -1.6275 531.9173 148.6362 567.9345 179.5102 1.4653 1.5889 3.7869 -2.8376 -0.0513 35.6648 -1.7068 -0.3854
6 -1 Car -1 -1 -1.4226 474.4614 148.7449 525.8133 186.1754 1.5254 1.6384 4.0172 -4.5191 0.2328 30.8195 -1.5682 -0.3907
6 -1 Car -1 -1 3.4095 181.7674 159.5576 294.4754 198.0207 1.4764 1.5933 3.7175 -14.6182 0.6740 28.3005 2.9327 -1.1628
7 -1 Car -1 -1 -0.1079 401.5392 153.9449 468.6589 177.8549 1.4805 1.6300 4.0522 -10.9512 -0.1745 45.5470 -0.3439 0.4574
7 -1 Car -1 -1 -1.4397 481.0343 151.3803 523.1936 182.0785 1.4705 1.6168 3.9184 -5.1701 0.0771 35.8328 -1.5830 0.1346
7 -1 Car -1 -1 -2.1587 439.9245 151.8418 518.6370 188.7117 1.4645 1.5683 3.5462 -5.3802 0.3277 29.9019 -2.3368 -1.2144
7 -1 Car -1 -1 1.3598 505.5600 149.9736 545.6949 176.4613 1.4764 1.6008 3.8297 -4.7775 -0.2510 42.1068 1.2468 -1.6653
7 -1 Car -1 -1 0.1304 425.4765 149.4378 502.3045 176.5126 1.4980 1.6396 4.1232 -8.0097 -0.2316 40.3482 -0.0656 -1.9943
8 -1 Car -1 -1 -1.4382 456.9746 151.3848 506.8900 188.5570 1.4736 1.5983 3.7658 -5.1654 0.3209 29.9354 -1.6091 -0.2237
8 -1 Car -1 -1 -0.1407 405.5644 155.9236 472.3068 179.7121 1.4878 1.6237 4.0214 -10.7608 -0.0514 45.8019 -0.3714 -1.3631
8 -1 Car -1 -1 1.4907 508.5493 149.9439 541.2196 176.6161 1.4793 1.6108 3.8418 -4.7880 -0.2397 41.8448 1.3768 -1.6395
8 -1 Car -1 -1 -0.1672 366.3963 149.9630 446.4480 177.6931 1.4872 1.6450 4.1305 -11.1998 -0.1634 39.8696 -0.4411 -1.7196
8 -1 Car -1 -1 -3.0168 508.2999 163.6790 622.3272 205.2625 1.4716 1.6315 4.0111 -1.4303 0.8778 25.9696 -3.0719 -1.7241
8 -1 Car -1 -1 -0.1511 0.0000 146.8159 124.6143 185.7281 1.4854 1.6152 3.8723 -22.1798 0.2011 28.9402 -0.8050 -1.8991
9 -1 Car -1 -1 3.5694 174.1715 150.7399 299.8686 192.5342 1.5087 1.6151 3.8463 -13.6996 0.4359 26.4221 3.0911 2.6535
9 -1 Car -1 -1 -0.1051 405.5517 155.5934 471.5880 179.3468 1.4808 1.6165 4.0014 -10.7493 -0.0754 45.6361 -0.3364 0.3172
9 -1 Car -1 -1 1.9214 298.9129 154.9669 369.1413 189.9326 1.4970 1.6598 4.1976 -12.3231 0.4053 32.3751 1.5577 -0.2838
9 -1 Car -1 -1 -1.6273 509.4344 152.2139 540.6197 178.5514 1.4810 1.6197 3.8984 -4.8094 -0.1204 42.1171 -1.7410 -1.3489
9 -1 Car -1 -1 1.7497 457.1003 145.9153 513.1128 185.8482 1.5803 1.6359 4.1367 -5.0370 0.2131 30.0540 1.5836 -1.8898
10 -1 Car -1 -1 -1.6326 539.8893 151.5759 589.6423 194.4161 1.4685 1.5908 3.8719 -1.5845 0.4785 26.2495 -1.6929 0.9194
10 -1 Car -1 -1 -0.1089 405.1174 155.3640 472.4103 179.3014 1.4912 1.6164 4.0758 -10.7337 -0.0785 45.6270 -0.3400 0.9066
10 -1 Car -1 -1 -1.4651 529.7431 147.3048 570.2380 179.5274 1.4969 1.5995 3.8184 -2.6761 -0.0492 34.8911 -1.5416 -0.8754
10 -1 Car -1 -1 1.9873 118.9844 146.7974 204.4226 185.0301 1.5046 1.6115 3.9111 -18.6287 0.1798 29.8703 1.4297 -1.0027
10 -1 Car -1 -1 0.1156 0.0000 147.5077 36.9143 188.5937 1.4769 1.5811 3.8353 -24.3688 0.2925 27.1633 -0.6157 -1.1906
10 -1 Car -1 -1 -1.0019 48.9181 147.6877 157.0478 187.7268 1.4753 1.6160 3.9643 -19.7999 0.2678 28.0650 -1.6163 -1.4354
10 -1 Car -1 -1 1.9944 229.8746 148.5455 317.8412 189.9923 1.4866 1.6076 3.9164 -12.7011 0.3420 27.3223 1.5592 -1.8142
11 -1 Car -1 -1 1.6855 525.5722 150.9069 567.7507 183.4622 1.4504 1.5683 3.7440 -2.7176 0.1334 33.3917 1.6043 3.4340
11 -1 Car -1 -1 -0.1093 404.4750 155.0871 471.3764 179.1338 1.4994 1.6053 4.0558 -10.8003 -0.0897 45.6812 -0.3414 0.4404
11 -1 Car -1 -1 -2.0074 225.1537 151.6443 307.2908 187.4856 1.4841 1.6498 4.1886 -15.0289 0.2907 31.2364 -2.4559 -1.0264
11 -1 Car -1 -1 1.8428 230.0800 140.4993 290.6097 173.5682 1.5011 1.6503 4.1651 -17.0862 -0.3654 35.2095 1.3910 -1.3916
12 -1 Car -1 -1 -0.0992 403.5841 155.0571 472.6962 179.2532 1.5084 1.6193 4.2054 -10.7846 -0.0818 45.6717 -0.3311 0.6522
12 -1 Car -1 -1 -1.4222 553.7734 147.4086 601.2692 182.6892 1.5520 1.6427 4.0880 -1.2434 0.0978 33.2207 -1.4596 -0.3052
12 -1 Car -1 -1 3.8335 0.0000 155.3757 56.9757 187.3116 1.4820 1.5887 3.7753 -28.5929 0.3175 33.6243 3.1288 -0.6844
12 -1 Car -1 -1 1.7637 560.4203 151.3846 625.6376 197.1217 1.4809 1.5995 3.7734 -0.3705 0.5397 24.8874 1.7488 -1.4481
12 -1 Car -1 -1 -0.3275 0.0000 149.3873 114.9444 187.9949 1.4694 1.5914 3.8118 -22.5929 0.2868 28.9357 -0.9904 -1.5689
12 -1 Car -1 -1 -0.1609 441.3956 150.8888 510.7272 177.8325 1.4692 1.5703 3.6710 -7.3414 -0.1553 40.1736 -0.3417 -2.0691
13 -1 Car -1 -1 -0.1015 401.7210 155.7121 469.1096 179.4555 1.4799 1.6363 4.0854 -10.9541 -0.0683 45.6419 -0.3371 1.1003
13 -1 Car -1 -1 -1.4882 499.2947 150.8187 537.5026 182.0551 1.4812 1.5972 3.7615 -4.3032 0.0752 35.4318 -1.6091 0.2923
13 -1 Car -1 -1 -0.1566 441.1231 151.4141 511.8030 178.2828 1.4677 1.5875 3.7532 -7.3260 -0.1290 40.2127 -0.3368 -0.7591
14 -1 Car -1 -1 -1.5171 492.1942 149.9753 528.0955 181.0189 1.4697 1.5876 3.6355 -4.7091 0.0260 35.3429 -1.6495 2.1026
14 -1 Car -1 -1 -0.1184 407.0697 153.1941 473.4388 177.0347 1.4784 1.6244 4.0150 -10.6565 -0.2298 45.7094 -0.3475 0.0948
14 -1 Car -1 -1 1.6312 527.7608 148.1606 558.0630 174.6535 1.4739 1.5700 3.8942 -3.6667 -0.3636 42.1666 1.5445 -0.9243
14 -1 Car -1 -1 1.7525 0.0000 144.5370 42.5957 184.4286 1.5000 1.6092 3.9870 -24.2636 0.1492 28.7107 1.0509 -1.6750
14 -1 Car -1 -1 1.6198 568.6863 146.3588 618.7494 191.0506 1.4659 1.5931 3.8107 -0.3623 0.3476 25.1179 1.6053 -1.8838
15 -1 Car -1 -1 -1.5361 493.4793 150.0131 528.8307 181.4145 1.4826 1.6208 3.9988 -4.6682 0.0446 35.4470 -1.6671 2.1522
15 -1 Car -1 -1 -0.1135 400.5841 155.1052 467.5661 178.9189 1.4813 1.6283 4.0434 -11.0364 -0.1040 45.6298 -0.3508 -0.1379
15 -1 Car -1 -1 3.6122 3.6811 156.2422 97.3836 184.0412 1.4832 1.5956 3.7386 -30.4125 0.1903 38.8604 2.9481 -1.6460
16 -1 Car -1 -1 -1.2049 212.3946 145.8340 285.5104 182.1966 1.4437 1.5709 3.6301 -15.0092 0.0689 29.9513 -1.6695 1.4481
16 -1 Car -1 -1 -2.3861 475.7927 149.3828 559.5350 183.3164 1.4667 1.5768 3.7253 -4.0351 0.1232 32.2902 -2.5105 0.1334
16 -1 Car -1 -1 -0.1164 404.7931 155.4659 471.5971 179.2244 1.4839 1.6261 4.0474 -10.8029 -0.0839 45.7670 -0.3482 0.1275
16 -1 Car -1 -1 -1.5087 412.2260 150.0211 445.0070 177.0972 1.4697 1.6047 3.9177 -10.1800 -0.2058 40.9660 -1.7522 -0.6641
16 -1 Car -1 -1 -1.4190 489.1690 148.8045 531.6946 180.4027 1.4946 1.5726 3.6378 -4.6804 -0.0037 35.2847 -1.5508 -1.3099
16 -1 Car -1 -1 3.8061 0.0000 159.2445 61.6957 190.9514 1.4630 1.5459 3.5132 -28.0934 0.4837 33.4520 3.1075 -1.5709
16 -1 Car -1 -1 -1.5334 358.8046 151.9619 391.2223 179.5161 1.4805 1.6116 3.9059 -13.0494 -0.0576 40.2357 -1.8470 -1.7296
16 -1 Car -1 -1 -0.1939 440.5385 149.7310 515.7784 177.7468 1.5287 1.6254 3.9881 -7.2493 -0.1615 40.3498 -0.3717 -1.8420
17 -1 Car -1 -1 -1.2853 484.5494 150.5445 535.7792 181.5281 1.4627 1.5649 3.6746 -4.6899 0.0500 35.3104 -1.4173 -0.1737
17 -1 Car -1 -1 -0.1296 401.2421 153.7039 467.9958 177.5765 1.4804 1.6254 4.0166 -11.0120 -0.1937 45.6801 -0.3661 -0.3737
18 -1 Car -1 -1 -0.1131 406.5451 155.4311 474.2503 179.2055 1.4813 1.6376 4.1007 -10.6381 -0.0850 45.6688 -0.3420 0.9041
18 -1 Car -1 -1 -1.4205 483.1319 149.0981 526.8151 180.1823 1.4632 1.5984 3.8549 -4.9435 -0.0153 35.2542 -1.5598 0.6114
18 -1 Car -1 -1 -1.5236 533.3033 148.7633 571.2977 182.4807 1.4650 1.5720 3.8358 -2.4001 0.0875 32.6532 -1.5970 -0.2272
18 -1 Car -1 -1 1.6659 479.1258 148.6000 513.0782 175.5270 1.4732 1.6082 3.8342 -6.3312 -0.3034 41.3640 1.5140 -1.0310
18 -1 Car -1 -1 -1.6046 544.0199 151.0050 595.3874 197.7860 1.4941 1.6330 4.0574 -1.3310 0.5536 24.6698 -1.6585 -1.8963
18 -1 Car -1 -1 0.0738 0.0000 152.3226 87.0895 181.0405 1.4818 1.5885 3.9287 -30.4896 0.0293 38.2411 -0.5993 -1.9251
19 -1 Car -1 -1 -1.2139 481.2665 150.3441 538.4961 181.7165 1.4586 1.5936 3.7330 -4.6396 0.0580 34.8640 -1.3462 2.9322
19 -1 Car -1 -1 0.6434 125.4749 153.7030 370.7607 240.5262 1.5053 1.6111 3.9841 -6.7320 1.0423 13.3984 0.1778 1.9752
19 -1 Car -1 -1 -0.1346 439.8927 150.1512 519.0724 177.5271 1.4920 1.6589 4.2575 -7.1681 -0.1741 40.2840 -0.3107 1.5258
19 -1 Car -1 -1 -0.1133 403.5318 155.1958 472.7427 179.3882 1.5087 1.6142 4.1979 -10.7885 -0.0729 45.6946 -0.3452 0.5094
19 -1 Car -1 -1 1.8840 91.9268 162.3171 189.4058 212.5656 1.4773 1.5646 3.6657 -14.8423 0.9443 22.7558 1.3060 -0.7408
19 -1 Car -1 -1 -1.5386 533.6337 145.3204 570.8267 179.8307 1.5047 1.6017 3.9045 -2.4203 -0.0316 32.8848 -1.6121 -0.8466
19 -1 Car -1 -1 -0.0473 348.3616 149.4864 426.5017 177.3809 1.4835 1.6125 4.0860 -12.1301 -0.1788 39.3758 -0.3462 -0.8610
19 -1 Car -1 -1 -1.8203 0.0000 147.7156 39.6000 186.9654 1.4756 1.6076 3.9378 -24.4070 0.2446 28.3636 -2.5308 -1.5431
20 -1 Car -1 -1 -1.5487 536.0116 145.7665 572.8252 179.8342 1.4797 1.6015 3.9012 -2.3194 -0.0313 32.7701 -1.6194 3.2526
20 -1 Car -1 -1 -1.4622 482.9422 149.7244 523.3380 180.9458 1.4553 1.5801 3.6906 -4.9793 0.0222 34.8240 -1.6042 0.8534
20 -1 Car -1 -1 -0.3840 434.9167 149.9321 514.6357 177.6105 1.4986 1.6543 4.1738 -7.4398 -0.1715 40.4750 -0.5657 0.4835
20 -1 Car -1 -1 -0.1044 401.9351 155.4248 468.9002 179.1547 1.4784 1.6320 4.0567 -10.9567 -0.0883 45.6544 -0.3400 0.4654
20 -1 Car -1 -1 0.1244 0.0000 147.5771 29.6226 188.9548 1.4790 1.6104 3.7811 -24.5146 0.3037 27.0136 -0.6126 -1.2183
20 -1 Car -1 -1 2.3361 64.9645 145.6014 177.9173 186.5612 1.4617 1.5450 3.5519 -18.4383 0.2178 27.1076 1.7388 -1.6059
21 -1 Car -1 -1 -1.2283 481.1691 151.0390 537.6104 182.3769 1.4524 1.5909 3.7248 -4.6491 0.0884 34.7512 -1.3613 2.2340
21 -1 Car -1 -1 -1.5241 536.9287 144.8611 576.2820 180.3493 1.5331 1.6262 3.9383 -2.1906 -0.0059 32.5419 -1.5914 -0.3402
21 -1 Car -1 -1 3.6247 0.0000 158.1964 93.3194 185.8869 1.4810 1.6035 3.7370 -30.7014 0.2895 38.9413 2.9570 -1.9813
22 -1 Car -1 -1 0.5196 156.1608 161.9376 276.5773 202.4397 1.4696 1.5776 3.6527 -14.5151 0.7976 26.4725 0.0181 -0.8196
22 -1 Car -1 -1 -1.5950 539.6019 147.9482 577.2590 182.5103 1.4813 1.6105 3.9179 -2.1978 0.0876 32.3239 -1.6629 -1.1911
22 -1 Car -1 -1 2.0387 0.0000 144.7397 72.4334 185.3734 1.5342 1.6971 4.3279 -23.9399 0.1855 28.9890 1.3484 -1.4209
22 -1 Car -1 -1 -1.4926 481.5678 149.4781 519.7515 180.9336 1.4597 1.5737 3.6586 -5.0838 0.0216 34.6842 -1.6381 -1.8650
22 -1 Car -1 -1 2.2525 94.2702 150.4256 209.0391 191.8955 1.4668 1.5985 3.8886 -17.2081 0.4046 27.0266 1.6855 -2.1325
23 -1 Car -1 -1 0.2536 31.9892 133.9653 206.3153 189.3245 1.4852 1.6115 3.8606 -13.8634 0.2383 20.3737 -0.3439 1.6072
23 -1 Car -1 -1 -1.3739 457.7660 149.7756 505.2581 181.2224 1.4600 1.5864 3.8018 -6.0210 0.0350 34.7428 -1.5455 0.9794
23 -1 Car -1 -1 0.1181 0.0000 144.3016 36.7486 185.5922 1.4830 1.6041 3.9238 -24.4441 0.1844 27.1756 -0.6144 -0.6230
23 -1 Car -1 -1 -1.5571 537.9511 146.4916 575.5873 180.6227 1.4782 1.6289 4.0417 -2.2208 0.0068 32.6799 -1.6250 -0.8542
23 -1 Car -1 -1 -2.8648 235.7279 151.3637 333.9592 183.2149 1.4947 1.6085 4.0543 -15.4587 0.1289 34.2673 -3.2885 -0.8689
23 -1 Car -1 -1 0.5527 0.0000 153.1761 60.0669 185.4589 1.4810 1.6000 3.7443 -28.3982 0.2290 33.5038 -0.1504 -1.1178
24 -1 Car -1 -1 0.6384 0.0000 151.0863 66.0457 183.7428 1.5105 1.6252 4.0660 -28.3510 0.1514 33.6351 -0.0620 3.0417
24 -1 Car -1 -1 1.9492 254.6293 144.5999 326.9904 179.9017 1.5023 1.6040 4.1233 -14.2428 -0.0276 32.2457 1.5333 -0.8915
24 -1 Car -1 -1 0.7470 0.0000 143.9056 50.4269 183.0916 1.5078 1.6106 3.9929 -24.6421 0.1012 28.0590 0.0264 -0.9173
24 -1 Car -1 -1 3.6207 0.0000 156.9073 113.6508 190.2876 1.4820 1.5952 3.9692 -25.2269 0.4360 32.5280 2.9610 -1.7038
24 -1 Car -1 -1 -1.5255 535.4227 144.8263 574.6743 180.7718 1.5524 1.6254 3.9227 -2.2605 0.0132 32.5118 -1.5949 -1.8315
24 -1 Car -1 -1 1.7504 392.8031 153.9195 429.8607 177.9019 1.4798 1.6619 3.8922 -12.5683 -0.1754 46.0698 1.4841 -1.8354
24 -1 Car -1 -1 3.6047 176.2999 149.8577 296.8557 192.2629 1.5275 1.5837 3.6549 -13.6551 0.4252 26.2847 3.1256 -1.8519
24 -1 Car -1 -1 -1.9533 534.2047 151.5555 583.4729 177.7496 1.4919 1.6057 3.9726 -2.8531 -0.1737 42.8532 -2.0198 -1.9671
24 -1 Car -1 -1 -1.5608 558.0360 154.1650 590.5787 184.5779 1.4875 1.5915 3.8490 -1.5812 0.2009 36.5264 -1.6040 -2.0950
25 -1 Car -1 -1 2.2710 0.0000 154.3303 98.6561 189.4089 1.6170 1.6493 3.9347 -27.0651 0.4121 34.5838 1.6069 -0.6437
25 -1 Car -1 -1 1.7348 393.2629 154.9508 427.6829 178.8211 1.4768 1.5779 3.6774 -12.5889 -0.1123 45.9182 1.4672 -0.9359
25 -1 Car -1 -1 -1.4555 505.1093 151.7143 547.9495 184.1606 1.4677 1.5997 3.9737 -3.7269 0.1670 33.9699 -1.5647 -1.8292
25 -1 Car -1 -1 -1.4256 373.6063 161.4463 478.4854 240.8184 1.4763 1.6092 3.9669 -3.7363 1.1235 15.1974 -1.6667 -1.9624
25 -1 Car -1 -1 1.8081 342.1883 149.9646 389.0429 178.4283 1.5255 1.6241 4.0431 -13.5774 -0.1228 40.2774 1.4829 -2.1504
26 -1 Car -1 -1 1.0126 191.0885 141.1318 274.9908 174.1777 1.4889 1.6622 4.1312 -18.0730 -0.3209 34.2831 0.5275 -0.9508
26 -1 Car -1 -1 1.5776 577.0733 151.4196 626.3624 196.6865 1.4816 1.6134 3.8833 -0.1351 0.5313 25.0804 1.5722 -1.8251
26 -1 Car -1 -1 -1.8229 0.0000 147.4676 44.1731 186.8250 1.4900 1.6074 3.9992 -24.3974 0.2410 28.5683 -2.5297 -2.1539
26 -1 Car -1 -1 2.1817 3.1910 128.9063 175.2246 193.4075 1.4985 1.5945 4.0218 -13.2475 0.3015 18.4417 1.5587 -2.1583
27 -1 Car -1 -1 2.3177 8.2006 148.5991 96.7631 179.8542 1.4445 1.5212 3.3697 -26.8688 -0.0317 34.4880 1.6559 1.4564
27 -1 Car -1 -1 0.1129 0.0000 143.8913 30.0118 185.2107 1.4736 1.5939 3.8981 -24.5497 0.1695 26.9979 -0.6250 -0.3513
27 -1 Car -1 -1 -0.2695 440.1714 150.8853 515.8086 178.2198 1.4922 1.6008 3.9761 -7.2659 -0.1342 40.4404 -0.4473 -1.6495
27 -1 Car -1 -1 -1.3130 490.1812 153.9132 537.6286 183.9128 1.4933 1.5654 3.7674 -4.7411 0.1713 37.1592 -1.4399 -2.0036
27 -1 Car -1 -1 -1.5861 468.4466 155.8809 503.1292 188.2380 1.4635 1.5543 3.4942 -5.7501 0.3514 33.8339 -1.7545 -2.1115
28 -1 Car -1 -1 -1.3409 473.3774 152.3786 523.2837 184.0491 1.4517 1.5829 3.7572 -5.1338 0.1641 34.3422 -1.4893 5.0749
28 -1 Car -1 -1 -1.5015 560.4482 147.6030 596.2460 178.7867 1.5007 1.5796 3.6153 -1.3279 -0.0904 36.0553 -1.5383 0.1509
28 -1 Car -1 -1 -1.2511 225.1395 153.3087 295.7664 190.7150 1.4905 1.5977 3.7842 -14.6163 0.4085 30.1485 -1.7025 -0.5929
28 -1 Car -1 -1 -1.0065 46.0505 147.8716 154.4105 187.9013 1.4704 1.6165 3.9696 -19.8565 0.2734 27.9924 -1.6235 -1.0584
28 -1 Car -1 -1 -0.2318 437.8932 152.3787 512.2967 179.3923 1.4829 1.5877 3.9275 -7.4375 -0.0644 40.4506 -0.4136 -1.5324
28 -1 Car -1 -1 -1.4113 504.0720 145.3678 551.8776 180.6158 1.5892 1.6451 4.1561 -3.6511 0.0067 33.9913 -1.5183 -1.7165
29 -1 Car -1 -1 -0.1774 442.8748 151.8126 521.0202 178.9046 1.4796 1.6415 4.1605 -7.0204 -0.0929 40.2686 -0.3500 0.7357
29 -1 Car -1 -1 -0.5082 573.8907 144.5110 667.0995 179.1557 1.4903 1.6145 3.9562 0.7005 -0.0629 32.1751 -0.4864 0.6172
29 -1 Car -1 -1 2.2110 0.0000 150.4841 106.0792 189.1122 1.4793 1.5877 3.7779 -22.5690 0.3313 28.9772 1.5493 -1.6320
29 -1 Car -1 -1 -1.1373 230.9786 157.3271 310.9672 195.5357 1.5024 1.6024 3.7636 -13.9408 0.5927 29.6836 -1.5764 -1.6594
29 -1 Car -1 -1 -0.8953 488.9085 148.5303 565.6678 181.4643 1.4747 1.5906 3.8322 -3.6565 0.0446 33.6986 -1.0034 -1.9587
29 -1 Car -1 -1 -0.9751 49.5889 146.9497 160.1277 187.0817 1.4783 1.6212 3.9838 -19.7092 0.2440 28.0455 -1.5877 -1.9710
30 -1 Car -1 -1 3.0225 453.7640 150.7369 527.2705 177.6630 1.4836 1.6065 3.9990 -6.5867 -0.1667 40.5565 2.8614 0.9120
30 -1 Car -1 -1 -0.0415 2.9197 145.6602 126.3953 185.0208 1.5082 1.6097 3.9397 -22.0946 0.1747 28.9653 -0.6931 -0.2344
30 -1 Car -1 -1 1.8652 213.3211 154.7502 286.5000 194.2071 1.5150 1.6178 3.9758 -14.6002 0.5278 29.2378 1.4021 -1.6614
30 -1 Car -1 -1 1.6020 559.1192 153.5229 592.3002 183.6936 1.4796 1.5986 3.8608 -1.4841 0.1581 36.6070 1.5615 -2.0282
30 -1 Car -1 -1 -0.3029 397.7378 151.7560 475.6404 179.0303 1.4798 1.6221 4.0165 -9.5768 -0.0859 40.2676 -0.5363 -2.1576
31 -1 Car -1 -1 -0.0379 407.3238 154.8769 470.9052 178.9979 1.5052 1.6311 3.9270 -10.7078 -0.0983 45.5888 -0.2686 -0.0039
31 -1 Car -1 -1 1.6329 498.4574 149.6618 527.2553 176.0614 1.4616 1.4633 3.5710 -5.3896 -0.2712 41.5883 1.5040 -0.5575
31 -1 Car -1 -1 2.0390 236.3807 145.7293 323.1143 185.1661 1.4634 1.5955 3.7945 -12.8650 0.1747 28.1583 1.6104 -1.5426
31 -1 Car -1 -1 0.1453 0.0000 149.3160 38.3346 189.7958 1.4621 1.5769 3.6490 -24.2448 0.3373 27.1957 -0.5828 -1.6461
31 -1 Car -1 -1 -1.2302 469.1230 150.9448 528.0375 184.3607 1.5011 1.6068 3.7971 -5.0296 0.1749 33.7743 -1.3780 -2.0945
32 -1 Car -1 -1 1.6269 495.5505 148.7451 527.7349 176.0585 1.5117 1.6669 4.0689 -5.4913 -0.2750 41.8986 1.4966 1.9558
32 -1 Car -1 -1 -1.5404 353.6197 150.8281 385.4289 178.3898 1.4651 1.5927 3.7805 -13.2636 -0.1239 39.9329 -1.8611 0.4275
32 -1 Car -1 -1 -0.1122 400.5717 154.9258 467.6849 178.7624 1.4819 1.6309 4.0525 -11.0318 -0.1144 45.6245 -0.3495 0.1445
32 -1 Car -1 -1 -2.6169 151.1715 162.4309 275.4699 203.3130 1.4697 1.5910 3.7461 -14.5021 0.8217 26.2466 -3.1217 -0.0848
32 -1 Car -1 -1 -1.4582 518.3942 155.3809 562.7303 190.0503 1.4538 1.5721 3.5885 -2.8310 0.4019 31.4547 -1.5480 -0.4994
32 -1 Car -1 -1 -1.5427 440.0210 148.8517 470.5741 176.4406 1.4978 1.6287 3.9426 -8.6608 -0.2465 41.0795 -1.7505 -1.1854
32 -1 Car -1 -1 -1.1547 250.0764 149.0849 323.1861 183.8758 1.4646 1.5867 3.7926 -14.1793 0.1436 31.6605 -1.5757 -1.3202
32 -1 Car -1 -1 1.5971 559.3474 150.9900 586.7611 176.9621 1.4646 1.5415 3.7190 -1.8784 -0.2195 42.2508 1.5527 -1.5575
32 -1 Car -1 -1 0.5050 162.3701 145.4314 271.4880 178.5896 1.5140 1.6464 4.2267 -18.1829 -0.0905 33.2064 0.0040 -1.6003
33 -1 Car -1 -1 -1.5760 496.6972 151.7337 525.2008 178.0395 1.4679 1.5962 3.7797 -5.5784 -0.1510 41.8036 -1.7086 0.9504
33 -1 Car -1 -1 0.5128 144.4638 165.8198 269.9585 206.4987 1.4697 1.5924 3.7828 -14.7772 0.9408 26.3392 0.0015 0.8728
33 -1 Car -1 -1 -2.3067 9.4456 149.3499 136.3950 189.3822 1.4806 1.6107 4.0631 -20.5512 0.3300 27.3197 -2.9516 0.5026
33 -1 Car -1 -1 1.9768 236.9354 142.6617 310.8103 177.9466 1.4676 1.5822 3.9028 -14.7477 -0.1201 31.6644 1.5409 0.4536
33 -1 Car -1 -1 1.7550 317.2006 154.6412 368.0139 189.2103 1.6084 1.6620 3.9478 -12.9226 0.4067 34.9781 1.4011 -0.1788
33 -1 Car -1 -1 -0.1224 404.3484 155.6110 471.3193 179.3313 1.4808 1.6273 4.0486 -10.8208 -0.0767 45.7465 -0.3546 -0.2826
33 -1 Car -1 -1 -1.4336 514.4011 153.9794 561.4736 188.6797 1.4751 1.6085 3.8671 -2.9931 0.3492 32.0178 -1.5268 -1.5259
33 -1 Car -1 -1 -1.6657 490.9833 148.4887 533.2161 182.1835 1.4865 1.5996 3.8471 -4.4362 0.0757 33.2416 -1.7984 -1.5513
33 -1 Car -1 -1 1.5855 553.0961 148.1096 580.6370 174.2945 1.4733 1.5840 3.7480 -2.2754 -0.3892 42.5846 1.5321 -2.0864
34 -1 Car -1 -1 1.5830 497.5806 149.7641 526.8150 177.3567 1.5309 1.6320 4.0152 -5.4668 -0.1937 41.7894 1.4529 3.7173
34 -1 Car -1 -1 -0.1035 401.1749 156.2114 469.1651 179.9872 1.4839 1.6412 4.1205 -10.9706 -0.0328 45.6462 -0.3394 1.0979
34 -1 Car -1 -1 -1.4142 467.5614 147.9011 514.8837 182.6052 1.5574 1.6343 3.9264 -5.3731 0.0959 33.6902 -1.5724 0.4208
34 -1 Car -1 -1 -0.4961 168.8747 139.0231 270.6306 174.3726 1.4811 1.5786 3.7962 -17.5600 -0.2964 32.3425 -0.9935 -0.6076
34 -1 Car -1 -1 -1.6137 562.0073 148.3303 591.9436 175.6737 1.4552 1.5392 3.4711 -1.6313 -0.2843 40.0508 -1.6544 -1.0885
34 -1 Car -1 -1 -1.2846 496.5909 148.8232 554.2267 183.0281 1.5087 1.6231 4.0407 -3.6924 0.1130 33.3123 -1.3950 -1.1817
34 -1 Car -1 -1 -1.7491 430.3710 151.2776 470.1719 178.3180 1.4747 1.5953 3.8031 -9.0106 -0.1314 40.9505 -1.9657 -1.6491
34 -1 Car -1 -1 3.5687 0.0000 148.9689 122.5872 190.3754 1.4902 1.5963 3.9475 -20.8058 0.3569 26.6769 2.9063 -2.0407
34 -1 Car -1 -1 3.3326 0.0000 100.7431 159.6069 206.3677 1.4739 1.5687 3.7766 -9.5475 0.3626 11.4595 2.6380 -2.0648
35 -1 Car -1 -1 0.2897 0.0000 146.2402 121.4396 188.0398 1.4884 1.6128 3.8930 -20.7579 0.2700 26.6302 -0.3724 1.0302
35 -1 Car -1 -1 -0.1145 400.2442 155.3280 467.3750 179.1402 1.4816 1.6294 4.0503 -11.0511 -0.0892 45.6202 -0.3522 0.1107
35 -1 Car -1 -1 -1.4890 511.1257 150.7688 547.7574 179.9972 1.4901 1.6346 4.1738 -4.0412 -0.0273 38.2203 -1.5944 -0.2437
35 -1 Car -1 -1 -1.5947 489.1330 148.3970 525.7902 182.6807 1.5387 1.6305 4.0088 -4.7331 0.0993 33.8387 -1.7337 -0.8604
35 -1 Car -1 -1 -1.4371 516.3239 153.6010 565.6198 190.2592 1.5453 1.6676 4.2414 -2.8406 0.4129 31.9556 -1.5258 -0.9744
35 -1 Car -1 -1 2.2093 4.4084 148.8286 112.9897 188.0993 1.5009 1.5735 3.7746 -22.2243 0.2919 28.9180 1.5541 -0.9828
35 -1 Car -1 -1 -1.1126 253.7235 151.2135 330.8009 186.4035 1.4767 1.5907 3.9064 -13.9172 0.2492 31.6520 -1.5269 -1.1072
35 -1 Car -1 -1 1.9150 312.1215 150.1441 373.3491 181.7430 1.4752 1.6184 3.8965 -12.8998 0.0595 34.9598 1.5615 -1.1881
35 -1 Car -1 -1 2.0730 0.0000 143.9733 67.1682 183.1617 1.4775 1.6126 4.0031 -23.9309 0.1019 28.7706 1.3792 -1.9490
36 -1 Car -1 -1 3.0254 438.0285 151.6219 506.7487 178.4797 1.4694 1.5377 3.6819 -7.5494 -0.1170 40.1541 2.8396 2.1409
36 -1 Car -1 -1 -0.0483 0.0000 149.2770 123.6400 187.9728 1.4765 1.6336 4.0431 -22.2410 0.2867 28.9056 -0.7041 -0.2867
36 -1 Car -1 -1 1.9287 275.8921 144.1337 350.9809 181.4059 1.5539 1.6748 4.3952 -12.9729 0.0393 31.6940 1.5402 -0.4668
36 -1 Car -1 -1 -1.7033 34.1209 140.5424 123.6029 195.7763 1.4627 1.5910 3.8477 -15.4557 0.4061 20.6504 -2.3458 -0.9642
36 -1 Car -1 -1 -0.1426 405.2505 156.3884 472.7949 180.2901 1.4964 1.6349 4.0679 -10.7524 -0.0127 45.7913 -0.3733 -1.0237
36 -1 Car -1 -1 -1.3868 251.1563 146.4898 296.6464 175.5735 1.4714 1.5780 3.7835 -17.9688 -0.2809 38.4838 -1.8237 -1.4818
36 -1 Car -1 -1 -0.9755 50.7413 147.2031 161.5886 187.2504 1.4759 1.6227 4.0124 -19.6742 0.2503 28.0716 -1.5868 -1.6205
36 -1 Car -1 -1 -1.5206 507.1151 152.0500 546.6973 186.5343 1.4767 1.6027 3.9061 -3.5273 0.2599 32.2684 -1.6295 -2.1150
37 -1 Car -1 -1 0.0783 0.0000 133.7151 120.8981 194.9345 1.4948 1.6327 4.1360 -15.6358 0.3540 19.1099 -0.6075 1.9451
37 -1 Car -1 -1 2.2975 71.7780 149.3384 184.6754 189.5089 1.4540 1.5858 3.7006 -18.4523 0.3276 27.5273 1.7070 -0.4444
37 -1 Car -1 -1 1.5888 586.2081 156.6113 636.2449 202.9168 1.4644 1.5840 3.8234 0.2164 0.7105 24.2872 1.5977 -1.8585
37 -1 Car -1 -1 -0.1206 406.4094 154.7250 470.6473 178.4983 1.4780 1.5916 3.8698 -10.7434 -0.1318 45.6048 -0.3520 -2.1061
37 -1 Car -1 -1 -1.3900 247.5178 152.7757 292.9114 181.4711 1.4705 1.5743 3.7331 -18.0522 0.0512 38.2335 -1.8312 -2.1386
37 -1 Car -1 -1 -1.6115 488.4940 149.0181 526.9134 183.1761 1.5222 1.6360 4.0199 -4.6948 0.1207 33.6284 -1.7502 -2.1625
38 -1 Car -1 -1 -0.1015 401.6032 155.8266 469.3275 179.5698 1.4808 1.6392 4.1080 -10.9547 -0.0607 45.6585 -0.3369 1.1977
38 -1 Car -1 -1 -0.2160 442.0201 150.2897 519.9765 178.0713 1.5203 1.6392 4.1442 -7.1107 -0.1431 40.5042 -0.3898 -0.9473
38 -1 Car -1 -1 1.3962 10.6182 134.3882 111.8890 192.1701 1.4983 1.6031 4.1145 -15.7104 0.3042 20.3058 0.7377 -1.7076
38 -1 Car -1 -1 2.3296 59.5642 149.8686 177.3247 191.1876 1.4672 1.5623 3.7514 -18.5182 0.3810 27.0776 1.7297 -2.0701
38 -1 Car -1 -1 -1.4965 487.4295 147.7717 524.1835 178.2904 1.5149 1.6335 4.0562 -5.2153 -0.1222 37.4700 -1.6347 -2.1855
39 -1 Car -1 -1 1.7444 26.4411 136.6741 122.6244 193.3650 1.4838 1.5907 3.8557 -15.3363 0.3383 20.5800 1.1040 0.2487
39 -1 Car -1 -1 -0.1024 402.2978 154.8736 469.4372 178.7239 1.4841 1.6339 4.0705 -10.9275 -0.1170 45.6527 -0.3373 0.1041
39 -1 Car -1 -1 -1.4908 504.7777 148.6276 546.2724 184.2544 1.5000 1.5572 3.6699 -3.5198 0.1596 31.6220 -1.6016 0.0312
39 -1 Car -1 -1 -0.1233 436.2072 153.4589 520.6709 181.4119 1.5386 1.6594 4.5792 -7.2442 0.0516 40.3828 -0.3008 -0.7985
39 -1 Car -1 -1 -1.4551 1082.5366 100.7158 1241.0000 374.0000 1.6724 1.6631 3.9933 4.4077 1.4343 3.9529 -0.6154 -1.5249
39 -1 Car -1 -1 0.5239 0.0000 157.0601 65.2565 190.4193 1.5235 1.6226 3.9420 -28.2111 0.4545 33.4304 -0.1770 -1.9079
39 -1 Car -1 -1 1.8983 308.4467 153.8608 372.0865 187.7263 1.4766 1.5966 3.8915 -12.2089 0.3165 32.7914 1.5419 -2.1036
40 -1 Car -1 -1 -1.5136 1123.7965 89.3745 1241.0000 374.0000 1.7057 1.6510 3.6551 4.4435 1.4251 3.9688 -0.6718 0.8776
40 -1 Car -1 -1 -1.3973 388.8251 155.0358 424.4887 178.8688 1.4722 1.5888 3.8717 -12.8419 -0.1093 45.9511 -1.6698 -0.9002
40 -1 Car -1 -1 1.8131 326.5757 147.2380 384.3842 182.2977 1.5163 1.6152 3.9413 -11.4457 0.0792 32.6129 1.4756 -1.3543
40 -1 Car -1 -1 -1.4163 499.8124 150.2115 540.5454 179.6438 1.4728 1.5792 3.7719 -4.4460 -0.0462 37.4023 -1.5347 -1.3913
40 -1 Car -1 -1 1.5766 19.2842 130.9854 97.1553 188.8848 1.4983 1.6384 4.0604 -15.7748 0.2186 20.4021 0.9185 -1.6361
40 -1 Car -1 -1 1.9076 310.8616 152.0668 369.9417 183.6337 1.4599 1.5726 3.6929 -12.8717 0.1464 34.5566 1.5511 -1.6537
41 -1 Car -1 -1 1.7696 395.4692 153.5110 432.5755 177.4359 1.4824 1.6120 3.8869 -12.4572 -0.2080 46.3073 1.5068 -0.6814
41 -1 Car -1 -1 3.2671 0.0000 132.3205 93.5858 192.6888 1.4861 1.5896 3.7409 -16.1967 0.3017 19.0883 2.5634 -1.4478
41 -1 Car -1 -1 -1.4221 482.2362 148.7428 523.2800 178.3578 1.4778 1.5990 3.8781 -5.3793 -0.1181 37.5022 -1.5646 -1.7944
42 -1 Car -1 -1 -0.7054 477.3076 151.3360 556.8777 181.5250 1.4973 1.6318 4.0555 -4.5735 0.0523 37.1076 -0.8280 0.2231
42 -1 Car -1 -1 0.2510 0.0000 143.2111 37.2041 184.1988 1.4785 1.5984 3.9169 -24.4647 0.1349 27.1161 -0.4830 -0.0644
42 -1 Car -1 -1 1.7870 393.3331 153.2597 432.1040 177.7711 1.5229 1.6341 4.0193 -12.5713 -0.1858 46.4275 1.5225 -0.8107
42 -1 Car -1 -1 -1.3783 511.3846 145.2584 565.2017 183.3901 1.5775 1.6350 4.0155 -2.9027 0.1211 31.3256 -1.4707 -2.0259
42 -1 Car -1 -1 3.7881 0.0000 155.8413 61.7542 188.2418 1.4914 1.6175 3.9047 -28.3339 0.3578 33.4569 3.0855 -2.0624
43 -1 Car -1 -1 1.5362 548.8664 151.5471 580.1656 179.5498 1.4740 1.5955 3.9627 -2.3075 -0.0543 39.3988 1.4777 0.0548
43 -1 Car -1 -1 0.4699 0.0000 134.2740 101.4047 191.6886 1.4864 1.5952 3.9622 -16.5721 0.2912 19.5340 -0.2336 -1.0710
43 -1 Car -1 -1 -1.5295 1114.7244 162.7533 1241.0000 374.0000 1.5383 1.6146 3.7225 4.1359 1.4936 3.6435 -0.6809 -1.1505
43 -1 Car -1 -1 -0.4762 478.4042 147.9132 573.9939 184.0848 1.5511 1.6292 4.0153 -3.5681 0.1552 32.1048 -0.5869 -1.6564
43 -1 Car -1 -1 1.7545 394.5847 153.2893 430.6335 177.2764 1.4751 1.6016 3.7614 -12.4527 -0.2170 45.9384 1.4898 -1.9253
43 -1 Car -1 -1 1.5953 547.3157 151.6269 579.6747 181.5945 1.4609 1.5724 3.6315 -2.1026 0.0548 36.3047 1.5374 -2.0574
44 -1 Car -1 -1 -0.5192 472.8487 149.3516 565.4736 183.2547 1.4629 1.6027 3.9270 -3.9081 0.1203 32.3188 -0.6395 1.2797
44 -1 Car -1 -1 1.8939 312.5894 150.5375 372.7653 183.5667 1.5514 1.6351 3.9644 -12.9949 0.1455 35.2111 1.5404 0.2481
44 -1 Car -1 -1 0.5107 20.6413 150.8369 127.1892 182.6183 1.4748 1.5950 3.7845 -25.3636 0.0998 33.8447 -0.1324 0.2273
44 -1 Car -1 -1 1.9667 256.2364 150.5707 329.0050 190.2871 1.5441 1.5442 3.4373 -12.8434 0.3820 29.2160 1.5525 -2.0783
45 -1 Car -1 -1 -0.1093 403.8084 155.3725 470.6781 179.2946 1.4891 1.6022 4.0444 -10.8220 -0.0788 45.5864 -0.3424 0.7931
45 -1 Car -1 -1 0.1230 0.0000 134.3699 83.0130 196.2735 1.4913 1.6263 4.0965 -16.5388 0.3816 18.8528 -0.5971 0.5069
45 -1 Car -1 -1 -0.1870 440.1240 150.2062 516.4443 177.6853 1.5021 1.6467 4.0620 -7.2595 -0.1656 40.4441 -0.3646 -0.9712
45 -1 Car -1 -1 3.6263 157.2135 162.7508 288.0300 203.6871 1.4816 1.6243 4.0071 -14.2380 0.8407 26.4161 3.1320 -1.3017
45 -1 Car -1 -1 2.0375 190.8896 139.1476 269.8696 174.7641 1.4851 1.5857 3.8848 -16.9009 -0.2746 32.0641 1.5524 -1.6401
46 -1 Car -1 -1 -1.5215 0.0000 139.2085 63.0607 196.9480 1.4957 1.5931 3.9046 -16.6802 0.4277 20.3532 -2.2080 1.1895
46 -1 Car -1 -1 -0.2040 439.9931 149.9427 512.7478 177.1202 1.4748 1.5899 3.8252 -7.3199 -0.1977 40.1800 -0.3842 -0.1169
46 -1 Car -1 -1 -2.4910 19.3511 152.8328 128.4022 184.6790 1.4864 1.6346 4.0023 -25.3692 0.1965 33.8278 -3.1345 -0.6213
46 -1 Car -1 -1 -1.3044 488.2974 148.3507 546.4067 184.1329 1.4652 1.5881 3.7593 -3.7823 0.1502 30.9214 -1.4261 -1.6033
46 -1 Car -1 -1 -1.0821 214.2750 156.7721 302.7562 198.6998 1.4932 1.5390 3.5613 -13.1409 0.6497 26.9826 -1.5353 -1.8556
47 -1 Car -1 -1 0.7647 20.1785 150.0309 121.4223 182.4188 1.4916 1.5790 3.8026 -25.3404 0.0898 33.5656 0.1180 2.0792
47 -1 Car -1 -1 1.6347 475.5627 152.3849 506.4646 178.7484 1.4578 1.5580 3.4901 -6.6013 -0.1051 41.1444 1.4756 0.7032
47 -1 Car -1 -1 1.8964 311.2263 154.2919 370.8338 186.2934 1.4911 1.6125 3.8362 -12.9580 0.2714 34.8820 1.5407 -1.3617
47 -1 Car -1 -1 -1.5052 415.5475 150.7334 448.4678 177.7712 1.4735 1.6045 3.8977 -9.9924 -0.1648 41.0022 -1.7443 -2.0746
48 -1 Car -1 -1 1.7124 475.5793 151.5069 510.7072 177.9470 1.4685 1.5379 3.6369 -6.5194 -0.1549 41.4498 1.5564 -1.0307
48 -1 Car -1 -1 -1.7082 50.6694 156.3170 105.0493 188.7121 1.4809 1.6045 3.7673 -25.5632 0.3769 34.2212 -2.3498 -1.0738
48 -1 Car -1 -1 -0.1705 409.3297 154.6730 476.4519 178.5728 1.4879 1.6198 4.0203 -10.4975 -0.1276 45.7822 -0.3959 -1.7261
48 -1 Car -1 -1 -1.5692 414.9979 151.5883 445.0709 178.6773 1.4813 1.6165 3.9442 -10.1618 -0.1099 41.0501 -1.8119 -1.8778
49 -1 Car -1 -1 0.1132 0.0000 141.4797 30.5066 183.4705 1.4908 1.6206 4.0841 -24.6107 0.1070 26.9515 -0.6269 0.9249
49 -1 Car -1 -1 1.6096 503.9225 149.2237 533.5803 175.7515 1.4703 1.5985 3.7840 -5.0688 -0.2927 41.8338 1.4890 0.8581
49 -1 Car -1 -1 -0.1029 406.4864 157.1128 473.7215 180.7668 1.4846 1.6353 4.0962 -10.6913 0.0181 45.8122 -0.3322 0.0777
49 -1 Car -1 -1 2.3813 0.0000 149.5071 82.0604 185.9492 1.4936 1.5884 3.8921 -25.3385 0.2248 31.0045 1.6962 -1.6834
50 -1 Car -1 -1 1.5977 505.2002 151.0979 534.1701 177.4589 1.4676 1.6000 3.7901 -5.0070 -0.1868 41.7721 1.4785 2.7131
50 -1 Car -1 -1 -0.0962 401.6954 155.6942 468.7950 179.4285 1.4799 1.6357 4.0742 -10.9677 -0.0700 45.6506 -0.3320 1.0221
50 -1 Car -1 -1 0.1421 0.0000 141.9248 27.8279 183.8818 1.4937 1.6041 4.0286 -24.7174 0.1219 26.9648 -0.5998 0.7574
50 -1 Car -1 -1 -0.2360 0.0000 128.3825 40.1532 194.6113 1.4944 1.5607 3.8305 -17.0451 0.3200 17.9807 -0.9947 -0.2722
50 -1 Car -1 -1 2.0670 34.9059 153.8781 121.5543 187.0317 1.4974 1.6390 3.9936 -25.2389 0.2965 34.0218 1.4288 -1.4776
50 -1 Car -1 -1 -1.0103 49.7380 145.3082 156.0321 185.1770 1.4693 1.6071 3.9011 -19.7928 0.1739 28.0431 -1.6249 -1.5246
50 -1 Car -1 -1 1.6317 538.9657 150.8727 569.5924 176.9554 1.4722 1.5992 3.8974 -3.0044 -0.2210 42.3914 1.5610 -1.5844
51 -1 Car -1 -1 -2.3048 386.4225 153.5180 465.6531 185.3884 1.4617 1.5947 3.7641 -8.6776 0.2257 34.1310 -2.5538 1.1695
51 -1 Car -1 -1 1.5796 503.1208 150.4982 531.1681 176.8300 1.4588 1.5668 3.6665 -5.1613 -0.2246 41.6104 1.4562 1.0418
51 -1 Car -1 -1 -0.1158 405.2186 154.8500 471.2761 178.5717 1.4749 1.6207 3.9891 -10.7685 -0.1271 45.6334 -0.3476 0.4162
51 -1 Car -1 -1 3.3575 0.0000 133.0160 41.0554 194.5787 1.4781 1.5525 3.8759 -17.4882 0.3396 18.6306 2.6037 0.0231
51 -1 Car -1 -1 2.2103 0.0000 160.8227 57.0367 194.6993 1.4635 1.5541 3.5371 -27.1676 0.6149 32.3516 1.5118 -1.4500
52 -1 Car -1 -1 0.1359 0.0000 130.3587 44.0459 193.4993 1.4968 1.6220 4.1648 -17.5226 0.3098 18.6252 -0.6190 3.8055
52 -1 Car -1 -1 1.6215 504.7211 150.9910 534.5661 177.3091 1.4618 1.5641 3.5888 -4.9854 -0.1946 41.5603 1.5021 2.5418
52 -1 Car -1 -1 1.7754 392.3235 153.4551 430.3548 177.5843 1.4877 1.6270 3.9363 -12.5721 -0.1971 46.0910 1.5091 -1.2312
52 -1 Car -1 -1 -0.9977 48.4946 146.0758 156.5997 186.0605 1.4718 1.6133 3.9366 -19.7876 0.2062 28.0214 -1.6126 -1.2974
53 -1 Car -1 -1 0.1326 0.0000 132.7674 40.2053 196.2888 1.4994 1.6286 4.1806 -17.5931 0.3743 18.5688 -0.6258 1.2191
53 -1 Car -1 -1 1.7834 393.3321 153.4464 431.4318 177.5442 1.4960 1.6157 3.9562 -12.5884 -0.2011 46.4026 1.5185 -0.6543
53 -1 Car -1 -1 -1.6476 471.2573 150.5411 513.6792 185.3995 1.4728 1.5939 3.7608 -5.1437 0.2085 31.8843 -1.8075 -1.5755
53 -1 Car -1 -1 2.8263 484.3464 151.8461 554.6932 178.2967 1.4680 1.5855 3.7429 -4.9606 -0.1311 40.9965 2.7059 -1.7144
53 -1 Car -1 -1 1.9312 296.3567 157.7413 366.5011 192.1330 1.4921 1.6448 4.2334 -12.6024 0.5062 32.7920 1.5643 -1.8951
53 -1 Car -1 -1 -0.0018 13.2399 150.6641 134.8158 189.0475 1.4774 1.6061 3.9056 -21.7236 0.3305 29.0250 -0.6443 -1.9041
54 -1 Car -1 -1 -0.3839 66.1099 144.1359 183.8649 183.6154 1.4580 1.5539 3.5379 -18.9563 0.1166 28.0087 -0.9789 0.4583
54 -1 Car -1 -1 1.7582 396.3803 154.3151 432.5143 178.3509 1.4924 1.5790 3.9400 -12.4233 -0.1455 46.2825 1.4960 -0.7518
54 -1 Car -1 -1 -1.1367 396.7458 151.6173 460.8590 184.1320 1.4720 1.5670 3.7300 -8.4104 0.1659 33.9852 -1.3793 -1.1356
54 -1 Car -1 -1 2.9696 477.2822 150.7513 550.6969 177.3560 1.4768 1.6136 3.9974 -5.2854 -0.1867 40.9279 2.8412 -1.5913
54 -1 Car -1 -1 1.8076 397.8863 149.3372 443.3963 177.1745 1.5060 1.6278 4.0894 -10.5799 -0.2002 40.7964 1.5538 -2.0377
55 -1 Car -1 -1 -1.8924 449.4551 151.3579 512.6920 186.7605 1.4809 1.6210 3.9307 -5.6335 0.2634 31.6841 -2.0684 -0.9023
55 -1 Car -1 -1 0.0557 526.1261 148.1913 601.8894 176.7955 1.4981 1.6281 3.9880 -2.1739 -0.2023 38.0555 -0.0014 -1.7973
55 -1 Car -1 -1 1.7203 341.3303 142.4550 392.5319 180.6454 1.6540 1.6472 4.1829 -10.9899 0.0078 32.8182 1.3971 -1.8164
55 -1 Car -1 -1 -1.8199 182.8233 156.1705 252.8023 194.3650 1.4854 1.6230 3.9759 -16.2235 0.5407 29.4996 -2.3227 -1.9350
55 -1 Car -1 -1 1.7586 392.7694 154.7280 429.6826 178.5015 1.4792 1.6220 3.9821 -12.6592 -0.1356 46.3809 1.4921 -2.0141
55 -1 Car -1 -1 -2.9425 496.1770 158.2474 575.0743 187.6820 1.4885 1.5964 3.8418 -3.5846 0.3646 36.7392 -3.0398 -2.0766
55 -1 Car -1 -1 -1.8245 0.0000 156.4569 50.5314 188.7510 1.4730 1.5806 3.6946 -28.2749 0.3778 33.9637 -2.5188 -2.1181
55 -1 Car -1 -1 1.8775 348.2870 154.7351 388.5083 177.0745 1.4679 1.5804 3.7579 -16.3171 -0.2449 48.9262 1.5556 -2.1194
56 -1 Car -1 -1 -0.4241 439.0103 153.3859 515.2416 180.3368 1.4767 1.6197 3.9916 -7.3185 -0.0084 40.5563 -0.6026 0.2675
56 -1 Car -1 -1 -1.5050 529.5408 149.6903 564.1137 178.4286 1.4790 1.6248 4.0636 -3.1465 -0.1181 38.7231 -1.5860 -1.0113
56 -1 Car -1 -1 1.7444 395.4746 154.2782 430.8859 178.1768 1.4823 1.5897 3.8882 -12.4987 -0.1573 46.2494 1.4804 -1.4299
56 -1 Car -1 -1 2.0257 6.5563 149.2365 100.0244 187.9312 1.4749 1.5638 3.6540 -22.4439 0.2848 28.8938 1.3653 -1.9464
57 -1 Car -1 -1 -1.0494 172.0825 153.4398 259.1449 188.9697 1.4782 1.5921 4.0344 -17.2168 0.3539 31.4455 -1.5503 -1.0535
57 -1 Car -1 -1 1.9056 322.2104 167.8221 381.2644 199.6206 1.4782 1.5643 3.8274 -12.3956 0.8903 34.7818 1.5632 -1.8462
57 -1 Car -1 -1 1.7990 390.3864 153.2712 429.7771 177.2898 1.4855 1.6334 3.9596 -12.7021 -0.2179 46.2727 1.5311 -1.8703
58 -1 Car -1 -1 -1.4360 527.2615 148.4620 566.3550 177.3116 1.4716 1.6060 3.9670 -3.1285 -0.1815 38.5323 -1.5170 1.8089
58 -1 Car -1 -1 -0.5353 239.4596 148.8124 343.5513 184.6221 1.4936 1.6153 3.9858 -13.9378 0.1734 31.5777 -0.9510 1.5615
58 -1 Car -1 -1 -0.4515 429.5503 151.4725 510.5745 178.7032 1.4836 1.6500 4.2958 -7.7438 -0.1071 40.7178 -0.6395 -0.4747
58 -1 Car -1 -1 -1.4653 36.9193 188.2699 272.6125 374.0000 1.4772 1.5987 3.9054 -4.4608 1.5842 7.4724 -2.0035 -0.4771
58 -1 Car -1 -1 -0.9885 554.9447 156.8146 621.6419 188.4301 1.5344 1.5869 3.8253 -0.8157 0.3863 36.3515 -1.0110 -1.2286
58 -1 Car -1 -1 2.1712 31.3232 147.8204 125.1692 181.7397 1.4671 1.5970 3.7904 -24.1078 0.0551 32.5012 1.5330 -1.6304
58 -1 Car -1 -1 3.1606 347.1302 151.9996 422.7496 179.4749 1.4720 1.6167 3.9364 -12.1970 -0.0575 39.2982 2.8596 -1.9999
58 -1 Car -1 -1 1.8160 385.5932 154.0181 426.8692 178.0321 1.4787 1.6506 4.0593 -12.8756 -0.1664 46.0059 1.5431 -2.0160
59 -1 Car -1 -1 -1.5259 563.1115 155.1516 597.5071 185.5795 1.4837 1.5978 3.9702 -1.2386 0.2491 36.4644 -1.5598 -0.6460
59 -1 Car -1 -1 -1.4910 499.8068 149.9313 535.1291 178.6891 1.4653 1.5962 3.8284 -4.6936 -0.1015 38.2136 -1.6132 -1.0292
59 -1 Car -1 -1 -0.3779 438.3927 152.7763 516.8515 179.8716 1.4845 1.6380 4.1219 -7.3012 -0.0363 40.6003 -0.5558 -1.2849
60 -1 Car -1 -1 -1.5047 522.6696 148.8767 557.2017 177.7250 1.4666 1.6083 3.9383 -3.4882 -0.1568 38.3122 -1.5955 0.0465
60 -1 Car -1 -1 -0.0184 566.6779 148.2901 651.1452 177.9531 1.4960 1.6177 4.2815 0.1750 -0.1336 36.6364 -0.0137 -0.0217
61 -1 Car -1 -1 1.9295 272.7990 150.1509 352.4657 194.0987 1.6765 1.6924 4.0895 -11.9152 0.5203 29.0372 1.5401 1.9319
61 -1 Car -1 -1 -1.6399 538.3445 148.8536 574.3817 178.6329 1.4774 1.6197 4.0115 -2.6351 -0.1030 37.4361 -1.7102 1.2946
62 -1 Car -1 -1 2.2645 0.0000 104.6550 269.7218 374.0000 1.6624 1.6572 3.9179 -4.6587 1.2410 5.9197 1.5977 0.7579
62 -1 Car -1 -1 -1.5137 537.8658 149.0886 572.6426 178.4862 1.4668 1.6187 3.9978 -2.6050 -0.1113 37.5572 -1.5829 0.6205
62 -1 Car -1 -1 3.4540 0.0000 145.1937 120.5901 186.2624 1.4676 1.5885 3.8560 -20.8012 0.2074 26.6685 2.7915 -1.1503
62 -1 Car -1 -1 -1.5691 362.8802 155.6497 393.3075 182.8860 1.4616 1.5651 3.4855 -12.7887 0.1294 39.8364 -1.8798 -1.9470
63 -1 Car -1 -1 0.6447 0.0000 152.8494 69.7357 185.1220 1.4947 1.6242 4.1135 -28.2100 0.2155 33.6621 -0.0529 3.3551
63 -1 Car -1 -1 2.2446 0.0000 145.0855 91.9236 184.3947 1.5096 1.6194 3.9674 -23.4102 0.1511 29.1345 1.5677 1.3284
63 -1 Car -1 -1 -0.1305 402.6350 154.7309 469.7659 178.9939 1.5107 1.5984 4.0444 -10.9069 -0.0991 45.6709 -0.3649 -1.9281
64 -1 Car -1 -1 -0.1165 403.9677 154.7909 471.0539 178.8137 1.4965 1.6052 4.0598 -10.8290 -0.1111 45.6925 -0.3492 -1.1067
64 -1 Car -1 -1 -2.2667 1100.1970 201.5802 1241.0000 255.1080 1.4664 1.5941 3.8658 18.1646 2.2076 22.8533 -1.5952 -1.1193
64 -1 Car -1 -1 -0.0146 343.9061 151.1602 423.1282 179.2296 1.5007 1.6306 4.1268 -12.3132 -0.0719 39.3462 -0.3179 -1.4241
64 -1 Car -1 -1 -1.7212 546.8497 148.2435 600.5492 188.1654 1.5587 1.6458 4.1107 -1.4106 0.3008 29.7784 -1.7685 -1.9305
64 -1 Car -1 -1 3.4812 0.0000 147.1720 122.9618 188.6875 1.4842 1.6147 3.9948 -20.8027 0.2942 26.6710 2.8188 -1.9831
64 -1 Car -1 -1 -1.4294 495.3176 150.6172 534.8461 179.4463 1.4626 1.5881 3.7686 -4.7797 -0.0579 37.9021 -1.5548 -2.0478
65 -1 Car -1 -1 -0.0490 404.5909 155.3947 468.0520 179.4796 1.5026 1.6275 3.9008 -10.8790 -0.0663 45.5466 -0.2835 -0.2715
65 -1 Car -1 -1 3.7869 0.0000 148.7875 134.7008 188.1391 1.4748 1.6148 4.0231 -20.7431 0.2878 27.3093 3.1373 -0.9503
65 -1 Car -1 -1 -2.0675 569.0830 145.2908 646.9253 184.1016 1.5708 1.6390 4.0641 0.0334 0.1473 30.7883 -2.0664 -1.5764
65 -1 Car -1 -1 2.1770 45.3666 148.9563 142.2045 183.9496 1.4842 1.6042 3.9091 -22.9896 0.1478 31.9516 1.5533 -2.0561
65 -1 Car -1 -1 -1.4622 367.5581 151.7124 404.8493 179.2833 1.4808 1.6109 3.9483 -12.4086 -0.0715 40.2456 -1.7613 -2.1138
65 -1 Car -1 -1 -1.5002 418.5245 150.9256 451.5834 177.8643 1.4742 1.6024 3.8730 -9.8463 -0.1596 41.1292 -1.7351 -2.1320
66 -1 Car -1 -1 -0.1211 406.2722 156.3550 473.5735 180.0791 1.4861 1.6342 4.0786 -10.7001 -0.0268 45.8073 -0.3506 0.0853
66 -1 Car -1 -1 -1.5148 570.5978 161.6684 605.4754 192.5927 1.5023 1.5737 4.0044 -0.8372 0.5889 36.3715 -1.5379 -1.9960
66 -1 Car -1 -1 0.6876 4.2901 150.3487 119.3661 185.2299 1.4908 1.5874 3.8895 -23.8339 0.2036 31.0708 0.0332 -2.0056
66 -1 Car -1 -1 -1.4380 515.1406 149.9325 555.2167 179.3803 1.4768 1.6116 3.9690 -3.6717 -0.0614 37.6200 -1.5352 -2.1564
67 -1 Car -1 -1 -0.1307 406.7191 156.2915 474.6036 180.0923 1.4861 1.6343 4.0940 -10.6215 -0.0259 45.6785 -0.3591 0.4443
67 -1 Car -1 -1 -1.6157 454.2397 150.9324 485.3410 177.8015 1.4641 1.5934 3.7783 -7.8759 -0.1627 40.9522 -1.8057 -1.2247
67 -1 Car -1 -1 2.0228 213.8829 141.7862 311.3986 188.3809 1.4540 1.5557 3.5656 -11.4549 0.2475 23.8445 1.5750 -1.4117
67 -1 Car -1 -1 1.9182 311.6342 151.2779 370.9480 182.7244 1.4686 1.5704 3.7169 -12.9483 0.1053 34.8808 1.5627 -1.5846
67 -1 Car -1 -1 -1.4333 513.7895 149.6622 552.8295 178.9102 1.4618 1.5634 3.7108 -3.7564 -0.0870 37.4226 -1.5333 -1.8218
67 -1 Car -1 -1 1.9784 374.6095 147.5525 432.3769 177.6835 1.6011 1.6610 4.1037 -11.3624 -0.1670 40.1102 1.7024 -2.0738
68 -1 Car -1 -1 1.9480 314.2500 154.6109 389.4806 193.0809 1.4584 1.6019 3.7594 -10.2040 0.4785 28.7067 1.6065 2.3535
68 -1 Car -1 -1 2.1983 43.8548 144.6020 144.2327 180.8545 1.5161 1.6179 3.9501 -22.6783 0.0163 31.5434 1.5749 0.0366
68 -1 Car -1 -1 -1.3028 513.1749 150.0595 562.8238 179.6566 1.4815 1.6392 3.9576 -3.5115 -0.0460 37.5981 -1.3959 -0.4771
68 -1 Car -1 -1 1.9718 181.4959 161.3931 285.4403 211.2552 1.4649 1.6055 3.7701 -11.8239 0.9051 22.7095 1.4918 -0.5845
68 -1 Car -1 -1 1.7982 407.0588 148.4577 451.2690 176.5264 1.5345 1.6273 4.0830 -10.2109 -0.2422 41.2845 1.5558 -1.4693
68 -1 Car -1 -1 -1.3491 389.7203 153.9177 427.7246 178.0429 1.4991 1.6005 3.8040 -12.7923 -0.1662 46.2630 -1.6189 -1.4899
68 -1 Car -1 -1 1.8974 102.2643 141.2530 203.1027 189.8715 1.5105 1.6410 4.1924 -15.3502 0.2927 24.1934 1.3320 -1.8242
69 -1 Car -1 -1 -1.4437 513.1677 147.4900 553.8940 177.9795 1.5080 1.6410 4.0552 -3.7306 -0.1391 37.3550 -1.5433 -0.6579
69 -1 Car -1 -1 2.1928 42.6200 146.6507 145.5919 182.2981 1.4962 1.6420 4.1379 -22.8070 0.0770 31.7406 1.5697 -0.8642
69 -1 Car -1 -1 -1.5237 546.5338 149.6919 580.8854 179.6884 1.4763 1.6067 3.9359 -2.1184 -0.0432 36.8772 -1.5811 -1.0217
69 -1 Car -1 -1 1.7544 392.8256 154.8276 428.2694 178.8744 1.4963 1.5619 3.8391 -12.6682 -0.1096 46.2368 1.4870 -1.5958
70 -1 Car -1 -1 -1.1856 218.9056 158.2865 296.8637 197.6536 1.5333 1.6076 3.7969 -14.3916 0.6696 29.4834 -1.6397 -0.3412
70 -1 Car -1 -1 -0.4371 580.4197 151.3736 677.5810 186.6628 1.4994 1.6201 4.0304 1.0557 0.2633 31.5738 -0.4037 -0.9292
70 -1 Car -1 -1 -1.3977 511.5777 147.4205 556.6515 178.3762 1.5200 1.6655 4.1527 -3.6720 -0.1166 37.1380 -1.4962 -1.1003
70 -1 Car -1 -1 -1.4976 543.6921 150.2780 579.8236 180.3279 1.4797 1.5979 3.8892 -2.2135 -0.0080 36.7886 -1.5577 -1.6765
70 -1 Car -1 -1 -1.5637 576.9441 151.8271 614.2099 186.7763 1.5327 1.6344 4.2765 -0.4469 0.2767 33.1455 -1.5772 -1.7310
70 -1 Car -1 -1 2.2462 0.0000 147.8777 102.1807 186.4020 1.4667 1.5439 3.4712 -22.4241 0.2262 28.6576 1.5822 -2.1220
71 -1 Car -1 -1 -1.4418 508.6438 148.5159 550.0227 178.9562 1.5040 1.6497 4.1243 -3.9363 -0.0844 37.2222 -1.5471 0.7070
71 -1 Car -1 -1 -2.7880 329.8283 155.0816 443.2988 195.2911 1.4732 1.5916 3.7951 -8.2508 0.5434 26.7983 -3.0867 -0.8334
71 -1 Car -1 -1 -1.1694 243.8823 165.5595 327.6727 206.5813 1.4635 1.5740 3.7844 -12.1617 0.9320 27.1267 -1.5909 -1.0103
71 -1 Car -1 -1 -1.2906 330.6173 152.8695 391.4489 187.1325 1.4899 1.6160 4.0251 -11.2461 0.2899 32.7917 -1.6210 -1.6877
71 -1 Car -1 -1 -1.4644 539.0234 148.9744 577.2542 179.1838 1.4750 1.5832 3.7908 -2.3894 -0.0703 36.6117 -1.5296 -2.1368
72 -1 Car -1 -1 -1.3482 506.0934 147.5436 555.1487 178.9253 1.5369 1.6686 4.2011 -3.8391 -0.0859 37.0271 -1.4515 0.7879
72 -1 Car -1 -1 3.8097 0.0000 156.0621 64.1461 187.6965 1.4679 1.5708 3.6558 -28.1992 0.3354 33.6417 3.1121 -0.2631
73 -1 Car -1 -1 -1.3397 372.3495 150.9466 418.3897 179.1585 1.5101 1.6273 4.0145 -11.8280 -0.0786 40.0857 -1.6267 1.5039
73 -1 Car -1 -1 -1.2948 346.6988 151.5929 394.3006 178.9020 1.4611 1.5811 3.7968 -13.2053 -0.0934 39.9811 -1.6138 -0.5981
73 -1 Car -1 -1 3.3479 246.0838 168.5742 407.2711 227.7504 1.4612 1.5790 3.6870 -7.2109 1.1683 18.5343 2.9768 -1.0907
73 -1 Car -1 -1 -1.4557 485.0245 148.7412 524.3237 178.6911 1.4839 1.6119 3.9151 -5.2422 -0.0990 37.2420 -1.5956 -1.1180
73 -1 Car -1 -1 2.9705 482.1321 150.8115 556.2852 177.6353 1.4960 1.6219 4.0597 -5.0023 -0.1706 41.0801 2.8493 -1.4788
73 -1 Car -1 -1 -1.3342 390.6434 175.3467 445.5181 209.5513 1.4690 1.5665 3.8418 -8.4830 1.2492 32.2975 -1.5911 -1.5555
74 -1 Car -1 -1 -0.4197 244.9451 149.5544 345.2616 185.1260 1.4848 1.5716 3.7743 -13.7372 0.1946 31.4326 -0.8317 0.0003
74 -1 Car -1 -1 -0.0978 358.2762 151.5202 437.3584 179.1667 1.4866 1.6239 4.1209 -11.6378 -0.0763 39.6839 -0.3831 -0.2209
74 -1 Car -1 -1 -1.3096 504.6590 150.1333 557.4536 180.9118 1.5052 1.6682 4.3552 -3.7920 0.0216 36.8542 -1.4122 -2.0635
75 -1 Car -1 -1 -1.5231 353.6525 149.8677 386.6317 177.6744 1.4742 1.5915 3.7654 -13.2231 -0.1663 39.9202 -1.8430 0.1223
75 -1 Car -1 -1 -1.5113 486.2144 148.9002 521.6315 179.1857 1.4946 1.6097 3.9350 -5.2646 -0.0713 37.0907 -1.6523 -0.0193
75 -1 Car -1 -1 1.9706 228.7293 139.1871 297.3391 173.9717 1.4578 1.5443 3.5543 -15.4682 -0.3119 32.1202 1.5218 -0.6846
75 -1 Car -1 -1 -1.5106 527.5402 149.8108 562.5302 179.8341 1.4603 1.5730 3.7201 -3.0497 -0.0346 36.3466 -1.5943 -1.1531
75 -1 Car -1 -1 -2.9614 345.9000 160.5727 448.8590 197.4040 1.4875 1.6169 3.9048 -8.6292 0.6842 29.5562 -3.2454 -1.2135
75 -1 Car -1 -1 3.2330 167.8686 153.0272 335.5129 214.6814 1.4788 1.5842 3.7590 -9.0523 0.8215 18.3668 2.7751 -1.5940
75 -1 Car -1 -1 -0.3821 428.7225 151.8990 506.4235 179.4674 1.4943 1.6321 4.0230 -7.8063 -0.0600 40.2307 -0.5738 -1.9987
75 -1 Car -1 -1 -0.8677 127.6484 153.1926 267.2433 209.6330 1.5808 1.6165 3.8661 -12.4552 0.8176 21.8474 -1.3859 -2.1313
75 -1 Car -1 -1 2.0551 187.5576 140.5695 269.0680 176.2079 1.4887 1.5936 3.9596 -16.9510 -0.2048 31.9913 1.5678 -2.1621
76 -1 Car -1 -1 -1.5360 352.6267 150.7756 384.6827 178.4488 1.4770 1.5946 3.7914 -13.3614 -0.1209 40.0804 -1.8577 -0.3231
76 -1 Car -1 -1 -1.3524 496.5080 148.1717 545.4822 178.9599 1.4917 1.6538 4.1773 -4.2965 -0.0831 36.6310 -1.4692 -1.4166
76 -1 Car -1 -1 2.2386 0.0000 145.3971 101.1903 184.9909 1.5126 1.6331 4.1513 -23.0393 0.1731 29.0835 1.5686 -1.9054
76 -1 Car -1 -1 0.5782 76.2190 151.5844 205.4913 191.6204 1.4856 1.6107 3.8878 -17.7044 0.4141 27.0388 -0.0015 -2.0240
76 -1 Car -1 -1 3.7955 0.0000 150.2367 110.3515 192.1825 1.4824 1.6119 3.9423 -20.6446 0.4144 25.8280 3.1212 -2.1933
77 -1 Car -1 -1 -1.4456 472.0343 150.3691 512.7068 180.2601 1.4690 1.6079 3.9655 -5.8152 -0.0118 36.7834 -1.6024 -0.5621
77 -1 Car -1 -1 0.1017 0.0000 143.3292 22.4477 184.7697 1.4755 1.5637 3.6985 -24.6354 0.1536 26.9017 -0.6397 -0.8379
77 -1 Car -1 -1 1.5888 527.5657 150.7263 555.8393 177.0273 1.4749 1.6028 3.8765 -3.7456 -0.2155 42.1610 1.5002 -1.0959
77 -1 Car -1 -1 -1.4309 499.4301 150.6307 542.0876 180.8149 1.4723 1.6403 4.0491 -4.3049 0.0168 36.5252 -1.5482 -2.0914
78 -1 Car -1 -1 1.6715 493.8169 145.1567 532.8554 176.5123 1.5005 1.6020 3.9469 -4.6693 -0.2148 36.3338 1.5437 -0.2307
78 -1 Car -1 -1 -1.9291 420.8821 150.1697 471.6069 177.1956 1.4682 1.6039 3.8766 -9.2499 -0.1998 40.9704 -2.1512 -0.7066
78 -1 Car -1 -1 2.2032 49.5363 154.5996 129.2542 181.9805 1.4885 1.6171 4.0290 -29.3954 0.0819 40.4496 1.5747 -1.0031
78 -1 Car -1 -1 0.1230 0.0000 146.5174 34.5611 187.9552 1.4858 1.5974 3.8726 -24.4530 0.2688 27.1127 -0.6109 -1.7419
78 -1 Car -1 -1 1.9572 263.2740 146.8392 352.6978 194.4113 1.7328 1.7065 4.4461 -11.6383 0.5082 27.9786 1.5630 -1.9457
79 -1 Car -1 -1 -0.3401 340.0080 146.8262 436.4165 182.7799 1.5498 1.6216 3.8924 -9.8834 0.0997 32.2816 -0.6372 0.0388
79 -1 Car -1 -1 -2.6215 308.5885 142.0485 431.0453 189.3828 1.6476 1.6568 3.9411 -8.5766 0.3107 25.8084 -2.9424 -0.1771
79 -1 Car -1 -1 -1.4374 469.3660 149.0982 511.3697 179.7077 1.4819 1.6157 3.9943 -5.8473 -0.0416 36.3491 -1.5969 -0.4158
79 -1 Car -1 -1 2.0710 26.7708 145.9951 138.4412 188.6134 1.4907 1.6385 4.1101 -19.7136 0.2853 26.8717 1.4381 -0.6423
79 -1 Car -1 -1 2.2021 0.0000 148.8055 107.3282 187.4510 1.4752 1.5750 3.7545 -22.4250 0.2669 28.8849 1.5419 -1.4142
79 -1 Car -1 -1 -1.3142 494.2644 148.3473 542.8010 178.9830 1.4796 1.5841 3.7063 -4.3913 -0.0806 36.2795 -1.4346 -1.4341
79 -1 Car -1 -1 2.1488 42.1071 154.1226 120.0044 181.6182 1.4776 1.6145 4.0136 -29.5718 0.0615 40.0425 1.5127 -2.1868
80 -1 Car -1 -1 -1.4708 467.8369 150.4506 507.3013 180.5948 1.4672 1.6192 3.9740 -6.0100 0.0061 36.4442 -1.6342 1.2432
80 -1 Car -1 -1 -1.3451 489.4522 149.4309 536.9910 180.3208 1.5011 1.6073 3.8382 -4.6727 -0.0083 36.3655 -1.4729 0.8226
80 -1 Car -1 -1 -0.3489 402.9067 150.5341 481.2646 177.9477 1.4935 1.6320 4.0789 -9.3505 -0.1519 40.6453 -0.5751 -1.8818
80 -1 Car -1 -1 3.6177 154.3696 158.8817 287.8379 200.4333 1.4956 1.6317 4.0713 -14.2277 0.7190 26.2996 3.1218 -2.0294
81 -1 Car -1 -1 -1.4107 485.6074 148.8005 529.7243 179.4422 1.4742 1.6235 3.9699 -4.9300 -0.0557 36.1547 -1.5462 1.9712
81 -1 Car -1 -1 1.9565 223.9434 137.3795 301.3832 174.4006 1.5196 1.6616 4.2634 -15.3545 -0.2927 31.9149 1.5081 -1.2725
81 -1 Car -1 -1 3.5599 172.7964 156.0834 299.0502 198.2832 1.5177 1.6212 3.8474 -13.7009 0.6411 26.3504 3.0804 -1.4801
82 -1 Car -1 -1 2.1222 0.0000 149.3175 107.4105 195.5935 1.4854 1.5841 3.9595 -19.4531 0.4860 24.7472 1.4560 -0.5117
82 -1 Car -1 -1 1.2464 0.0000 146.3502 51.6546 187.3153 1.5489 1.6135 4.0377 -24.1727 0.2592 28.4609 0.5422 -1.2643
82 -1 Car -1 -1 1.9728 250.4854 153.9179 343.7912 204.1147 1.6903 1.6732 4.0388 -11.1415 0.7967 25.8280 1.5655 -1.6935
83 -1 Car -1 -1 3.3008 271.6586 149.6212 368.0058 184.2427 1.4655 1.5902 3.7286 -12.4888 0.1599 31.1108 2.9190 0.1564
83 -1 Car -1 -1 -1.2357 483.9489 148.3079 541.0694 179.7885 1.4990 1.6290 4.0704 -4.6395 -0.0369 35.9202 -1.3641 -0.2379
83 -1 Car -1 -1 -1.5357 355.9081 148.2268 387.8699 175.9844 1.4702 1.5942 3.7547 -13.1944 -0.2679 40.1287 -1.8533 -1.1359
83 -1 Car -1 -1 -1.3784 0.0000 95.8763 261.2403 374.0000 1.7666 1.6819 3.9929 -4.0354 1.3061 6.0230 -1.9687 -1.8259
83 -1 Car -1 -1 -0.2403 440.3519 150.7467 516.9990 178.4010 1.5122 1.6378 4.0452 -7.2344 -0.1234 40.4642 -0.4173 -2.1936
84 -1 Car -1 -1 -1.7546 548.6133 149.5630 593.6003 180.4542 1.5047 1.6275 3.8881 -1.8182 -0.0011 36.5226 -1.8043 -0.6217
84 -1 Car -1 -1 2.1930 0.0000 149.1151 90.0748 182.5402 1.5367 1.6383 4.0881 -27.4368 0.0953 34.5824 1.5223 -0.9048
85 -1 Car -1 -1 -1.6177 477.8905 149.2804 514.3086 180.5025 1.4910 1.6297 4.0079 -5.5884 0.0015 35.8876 -1.7722 0.7142
85 -1 Car -1 -1 -0.1399 404.5914 154.9133 471.4450 178.8838 1.4916 1.6001 4.0189 -10.7884 -0.1065 45.6684 -0.3719 0.2899
85 -1 Car -1 -1 -1.7905 0.0000 149.9872 41.6042 189.3172 1.4853 1.5963 3.9125 -24.3621 0.3345 28.5103 -2.4976 -0.8820
85 -1 Car -1 -1 -1.5793 577.6404 148.6824 626.3823 194.2951 1.4996 1.6034 3.8494 -0.1564 0.4551 25.1774 -1.5855 -0.8981
85 -1 Car -1 -1 3.3008 272.0838 156.1392 368.6449 191.7116 1.4984 1.5901 3.7193 -12.4057 0.4737 30.9620 2.9198 -1.0907
85 -1 Car -1 -1 1.5483 560.9313 145.4469 594.9138 178.5696 1.5984 1.6475 4.0733 -1.4565 -0.1038 36.4421 1.5084 -2.1275
85 -1 Car -1 -1 -1.3771 247.1966 152.8641 293.6377 181.5311 1.4683 1.5809 3.7346 -18.0308 0.0542 38.2145 -1.8180 -2.1832
86 -1 Car -1 -1 -1.3977 471.4908 149.3674 517.5119 180.2226 1.4850 1.6368 4.1350 -5.5963 -0.0136 36.1451 -1.5513 2.5260
86 -1 Car -1 -1 -0.1331 404.3023 154.9847 470.7393 178.8799 1.4870 1.6040 3.9974 -10.8189 -0.1067 45.6578 -0.3658 -0.6380
86 -1 Car -1 -1 -1.7873 547.4497 146.8980 596.1197 178.4814 1.5227 1.6572 4.1170 -1.7921 -0.1093 36.5706 -1.8363 -1.2516
86 -1 Car -1 -1 2.1538 214.9018 152.5164 323.3275 203.2174 1.6287 1.6227 3.7430 -11.6202 0.7313 24.6764 1.7137 -1.7991
86 -1 Car -1 -1 0.0161 0.0000 146.7868 122.8163 187.8317 1.4826 1.6107 4.0039 -21.1622 0.2664 27.3789 -0.6419 -1.9965
87 -1 Car -1 -1 -1.2276 455.1948 149.2607 512.7402 180.5303 1.4866 1.6210 3.9761 -6.0536 0.0029 35.7084 -1.3955 1.5187
87 -1 Car -1 -1 0.5488 25.9361 150.8614 131.5403 182.1252 1.4558 1.5861 3.7919 -25.1656 0.0771 33.8801 -0.0901 0.6725
87 -1 Car -1 -1 -0.1120 404.7057 154.1722 471.3295 178.0130 1.4810 1.6132 4.0323 -10.7892 -0.1644 45.6587 -0.3440 0.5354
87 -1 Car -1 -1 3.5534 174.0501 157.3697 299.0395 199.5506 1.5228 1.6206 3.8215 -13.7335 0.6893 26.4577 3.0746 -0.4570
87 -1 Car -1 -1 3.5649 337.3991 153.9570 413.2067 181.3681 1.4650 1.5584 3.6348 -12.5720 0.0478 38.7577 3.2512 -0.6872
87 -1 Car -1 -1 -1.7629 550.9177 147.9638 597.5875 179.5635 1.5146 1.6345 4.0270 -1.6445 -0.0493 36.1624 -1.8083 -1.5201
88 -1 Car -1 -1 -1.2239 474.2772 149.6975 531.3368 180.5061 1.4542 1.6020 3.8949 -5.0668 0.0017 35.4379 -1.3660 1.5787
88 -1 Car -1 -1 -0.6015 568.3768 147.8086 659.2936 181.9645 1.4815 1.5952 3.9637 0.4150 0.0650 32.4262 -0.5887 0.8380
88 -1 Car -1 -1 -2.1620 7.6039 144.5739 127.6671 185.6769 1.5082 1.6592 4.1739 -20.8422 0.1915 27.3981 -2.8123 -0.9661
88 -1 Car -1 -1 -0.9882 73.1985 151.1923 176.7226 189.1010 1.4695 1.6166 4.0204 -19.8538 0.3349 29.4226 -1.5818 -1.2678
88 -1 Car -1 -1 3.1664 271.6647 150.7786 363.4466 186.2143 1.4725 1.5624 3.6123 -12.4584 0.2389 30.7426 2.7814 -1.4874
89 -1 Car -1 -1 -1.5913 627.6780 153.0265 672.0916 194.5320 1.4936 1.5974 3.6815 1.6630 0.5065 27.3100 -1.5305 -0.0442
89 -1 Car -1 -1 -0.6263 567.9005 150.8139 658.0565 184.8004 1.4734 1.6115 3.9414 0.3783 0.1879 32.4422 -0.6146 -0.3471
89 -1 Car -1 -1 1.4533 0.0000 143.3155 21.4555 183.3705 1.4914 1.6007 4.1304 -24.8027 0.1084 28.2975 0.7336 -0.6571
89 -1 Car -1 -1 0.2583 0.0000 131.1156 86.6634 190.1466 1.4854 1.6057 3.9249 -16.8085 0.2443 19.3719 -0.4564 -1.2073
89 -1 Car -1 -1 -1.2970 475.4235 149.3839 527.5438 181.2711 1.5025 1.5874 3.8819 -5.1218 0.0378 35.3378 -1.4410 -1.5456
89 -1 Car -1 -1 1.4774 547.7617 147.0988 587.0876 178.2673 1.5019 1.6396 4.1276 -2.0085 -0.1208 36.5391 1.4225 -1.7933
89 -1 Car -1 -1 3.0765 188.6681 152.5409 315.3339 198.0457 1.5632 1.6401 4.0684 -12.9873 0.6043 26.0178 2.6136 -1.8666
90 -1 Car -1 -1 -0.4876 329.9001 150.4549 424.5995 184.7197 1.4679 1.5892 3.8066 -10.3387 0.1822 32.2017 -0.7982 -1.0515
90 -1 Car -1 -1 -1.1849 470.4565 148.8189 529.8136 180.3259 1.4771 1.6058 3.8168 -5.1679 -0.0078 35.2109 -1.3306 -1.3694
90 -1 Car -1 -1 -0.4891 567.8610 147.9269 660.3155 183.1241 1.5145 1.6132 3.8865 0.4043 0.1144 32.0274 -0.4765 -1.8824
91 -1 Car -1 -1 3.5814 177.5888 152.1576 298.8435 194.5326 1.5332 1.5994 3.6999 -13.6729 0.5092 26.4454 3.1043 0.7926
91 -1 Car -1 -1 -1.8752 423.0068 151.0210 470.6125 178.0509 1.4680 1.5983 3.8420 -9.1865 -0.1472 40.8324 -2.0965 -0.7365
91 -1 Car -1 -1 -1.3836 452.6649 149.4586 500.6690 181.1891 1.5087 1.6525 4.0759 -6.4185 0.0342 35.6594 -1.5617 -1.2741
91 -1 Car -1 -1 2.2209 49.2739 154.6956 130.4121 182.5134 1.5109 1.6320 4.0523 -29.3618 0.1108 40.4412 1.5929 -1.6324
91 -1 Car -1 -1 0.7226 0.0000 130.2865 66.4507 185.9361 1.4920 1.5995 3.9843 -17.7003 0.1473 19.7667 -0.0077 -1.7885
92 -1 Car -1 -1 -1.2057 464.0802 148.5494 522.7472 180.2052 1.4705 1.6005 3.8280 -5.4556 -0.0140 34.9159 -1.3607 -0.4529
92 -1 Car -1 -1 0.2647 0.0000 154.7386 97.1933 183.4295 1.5059 1.6172 4.0708 -30.4313 0.1552 38.6469 -0.4024 -0.8772
92 -1 Car -1 -1 2.0291 166.0090 162.1482 275.3845 212.5969 1.4692 1.5909 3.6587 -12.0888 0.9363 22.4429 1.5351 -1.0118
92 -1 Car -1 -1 -1.3285 444.5353 152.3768 493.6172 183.1563 1.4572 1.5721 3.6864 -6.7490 0.1272 35.3510 -1.5171 -1.3948
92 -1 Car -1 -1 3.0192 238.7914 143.3453 366.3915 195.2615 1.5814 1.5798 3.6750 -9.9073 0.4512 23.1388 2.6147 -1.5358
92 -1 Car -1 -1 2.0572 189.8924 139.5656 269.8132 174.8079 1.4755 1.5867 3.8660 -16.9731 -0.2730 32.1553 1.5716 -1.6024
93 -1 Car -1 -1 -1.1968 463.3368 148.3384 523.2027 179.9773 1.4765 1.6120 3.9415 -5.4978 -0.0261 35.1610 -1.3519 0.3172
93 -1 Car -1 -1 -1.0674 150.7541 166.8932 271.1670 219.0532 1.4811 1.5928 3.8822 -12.1377 1.0963 22.0139 -1.5713 -0.4044
93 -1 Car -1 -1 3.5599 172.1735 151.0765 301.9184 194.2720 1.5600 1.6326 3.9920 -13.7150 0.4989 26.4639 3.0818 -0.4904
93 -1 Car -1 -1 -0.1325 402.6135 156.4345 470.1852 180.2423 1.4869 1.6332 4.0665 -10.8960 -0.0159 45.6773 -0.3666 -1.0343
93 -1 Car -1 -1 -1.4507 520.6647 146.0660 562.8471 178.8131 1.5234 1.6234 3.9624 -3.0966 -0.0871 35.0999 -1.5387 -1.2496
93 -1 Car -1 -1 2.2451 76.9444 141.9714 179.7865 182.1375 1.4553 1.5142 3.3924 -18.3581 0.0608 27.3664 1.6542 -2.1126
94 -1 Car -1 -1 0.2501 0.0000 144.3977 28.1512 186.4647 1.5033 1.5970 4.0394 -24.7464 0.2147 26.9217 -0.4932 -1.4901
94 -1 Car -1 -1 3.6320 0.0000 158.0953 93.1433 185.7126 1.4782 1.5984 3.7152 -30.7052 0.2804 38.9525 2.9645 -1.8978
95 -1 Car -1 -1 -0.0935 401.7989 155.7614 469.1287 179.4641 1.4784 1.6375 4.0929 -10.9556 -0.0677 45.6579 -0.3290 1.1171
95 -1 Car -1 -1 -0.0444 349.7454 151.1514 427.3921 178.9466 1.4858 1.6206 4.0631 -12.0718 -0.0884 39.3967 -0.3418 -1.0945
95 -1 Car -1 -1 1.9214 321.1202 147.1557 390.0856 183.3057 1.5603 1.6555 4.2053 -11.4261 0.1226 32.6262 1.5845 -1.3171
95 -1 Car -1 -1 -2.0412 350.3352 155.2100 429.7299 194.5612 1.4706 1.5754 3.5840 -8.6571 0.5270 28.2541 -2.3386 -1.5163
95 -1 Car -1 -1 2.2020 46.4132 155.5991 126.2920 182.9302 1.4829 1.6186 4.0185 -29.5089 0.1333 40.3670 1.5708 -2.0676
95 -1 Car -1 -1 -1.3267 247.5160 150.4399 296.9835 179.2471 1.4706 1.5712 3.7108 -17.9382 -0.0699 38.2349 -1.7653 -2.1896
96 -1 Car -1 -1 -0.0977 400.7419 155.3402 468.0127 179.0992 1.4793 1.6347 4.0803 -11.0184 -0.0919 45.6296 -0.3346 0.6275
96 -1 Car -1 -1 -1.3410 435.4131 151.5698 485.0771 182.9885 1.4743 1.5935 3.7922 -7.1343 0.1182 35.0908 -1.5416 -0.3839
96 -1 Car -1 -1 -2.0712 563.3830 151.6364 636.6777 187.1597 1.4910 1.6153 3.8875 -0.3099 0.2810 31.7615 -2.0809 -1.0389
96 -1 Car -1 -1 -1.5446 528.6720 145.6345 563.2141 177.6772 1.4773 1.6009 3.8667 -2.8838 -0.1459 34.9176 -1.6270 -1.2999
96 -1 Car -1 -1 1.9436 86.8791 157.9900 189.4432 207.8250 1.4740 1.5542 3.6018 -14.9684 0.8098 22.8299 1.3633 -1.5695
96 -1 Car -1 -1 2.2142 45.5706 154.8667 127.8642 182.5574 1.4951 1.6613 4.0792 -29.3758 0.1125 40.2199 1.5834 -1.6264
97 -1 Car -1 -1 -0.1138 405.2976 154.9570 471.5925 178.8586 1.4870 1.6077 4.0066 -10.7515 -0.1079 45.6160 -0.3453 0.7586
97 -1 Car -1 -1 -1.3619 431.2228 148.4414 481.4342 181.5550 1.5436 1.6334 4.0104 -7.2964 0.0506 34.9617 -1.5676 -1.9243
98 -1 Car -1 -1 -0.1273 406.0507 155.7283 473.8161 179.5381 1.4842 1.6327 4.0883 -10.6662 -0.0628 45.6675 -0.3567 0.7832
98 -1 Car -1 -1 0.2744 0.0000 153.3476 91.9903 182.1075 1.5065 1.5853 3.9927 -30.5964 0.0856 38.5344 -0.3967 -0.8721
98 -1 Car -1 -1 3.6668 0.0000 158.4902 61.8703 190.9519 1.4815 1.5965 3.7906 -28.2490 0.4785 33.3840 2.9646 -1.0417
98 -1 Car -1 -1 -1.4005 446.2066 151.1637 492.7179 183.2847 1.5123 1.6256 4.0077 -6.7165 0.1326 35.3026 -1.5885 -1.1718
99 -1 Car -1 -1 -0.1217 405.1763 155.1908 470.7285 178.9772 1.4799 1.6133 3.9488 -10.7815 -0.1000 45.6098 -0.3538 -0.0980
99 -1 Car -1 -1 1.8460 354.7602 149.0970 403.5820 177.6262 1.5330 1.6439 3.9595 -12.8430 -0.1710 40.3972 1.5382 -0.5326
99 -1 Car -1 -1 -1.2628 448.2982 151.3368 505.8469 184.0813 1.4893 1.6140 3.9671 -6.1335 0.1643 34.2249 -1.4401 -0.7391
99 -1 Car -1 -1 -1.3316 420.0155 151.6921 472.5725 184.1711 1.4894 1.6222 3.8706 -7.6603 0.1698 34.3695 -1.5509 -1.4887
99 -1 Car -1 -1 3.6386 157.7231 163.7722 281.4661 204.2643 1.4601 1.5928 3.7352 -14.2888 0.8584 26.2886 3.1407 -1.7537
100 -1 Car -1 -1 -1.1723 445.1446 152.9543 507.0741 184.9313 1.4555 1.5896 3.8235 -6.1805 0.2032 34.2179 -1.3510 0.9778
100 -1 Car -1 -1 -0.2981 0.0000 153.7198 44.7778 195.6012 1.4743 1.5745 3.6700 -23.8551 0.5331 26.8608 -1.0243 -0.0067
100 -1 Car -1 -1 -0.1264 405.9433 156.0065 473.0640 179.7661 1.4819 1.6286 4.0472 -10.6913 -0.0476 45.6551 -0.3564 -0.0117
100 -1 Car -1 -1 -0.5878 253.7490 152.0047 358.6521 187.9364 1.4944 1.6307 4.0988 -13.2655 0.3108 31.5601 -0.9858 -0.9590
100 -1 Car -1 -1 -1.4923 413.8853 150.1869 447.5978 177.1901 1.4691 1.6018 3.8675 -10.0648 -0.2001 41.0006 -1.7330 -1.3913
100 -1 Car -1 -1 -1.3118 344.5463 153.4221 391.5677 180.8124 1.4733 1.5972 3.8209 -13.3444 0.0182 39.9842 -1.6340 -2.0113
100 -1 Car -1 -1 -0.3672 441.1856 154.2574 520.5429 181.2927 1.4863 1.6403 4.1849 -7.1236 0.0450 40.6456 -0.5407 -2.0835
100 -1 Car -1 -1 -2.2533 0.0000 167.1843 245.4630 311.6728 1.4867 1.6276 4.0687 -6.7190 1.3514 8.5082 -2.9217 -2.1970
101 -1 Car -1 -1 -0.1000 400.5136 155.1451 467.7879 178.8756 1.4764 1.6347 4.0772 -11.0325 -0.1068 45.6284 -0.3372 0.8837
101 -1 Car -1 -1 0.7888 0.0000 149.5161 77.5943 181.8453 1.5059 1.5956 3.8097 -27.7425 0.0641 33.9186 0.1033 -1.5373
101 -1 Car -1 -1 -1.3760 420.3185 150.9875 469.1941 183.0559 1.4817 1.6149 3.8750 -7.7955 0.1196 34.6219 -1.5975 -1.7594
102 -1 Car -1 -1 -0.1050 400.4367 156.1663 468.0721 179.9705 1.4850 1.6357 4.0938 -11.0247 -0.0339 45.6262 -0.3421 0.1363
102 -1 Car -1 -1 -1.3874 435.9055 152.8609 487.0196 187.4949 1.4689 1.5929 3.8034 -6.4259 0.2981 31.8955 -1.5862 -1.1139
102 -1 Car -1 -1 -1.3629 547.8180 144.5069 596.6238 178.1638 1.4891 1.5878 3.6631 -1.5116 -0.1156 33.4835 -1.4080 -1.6750
102 -1 Car -1 -1 2.9966 242.4049 148.7937 361.5356 195.9762 1.5857 1.6176 3.7444 -10.9023 0.5217 25.4258 2.5915 -1.9725
103 -1 Car -1 -1 -0.1186 406.4917 155.7052 473.4114 179.3969 1.4814 1.6300 4.0571 -10.6968 -0.0724 45.7996 -0.3480 0.3838
103 -1 Car -1 -1 3.4466 139.8175 164.6548 316.6017 222.0918 1.4805 1.6162 3.9748 -10.2171 1.0737 19.3714 2.9612 -1.4289
103 -1 Car -1 -1 2.2089 45.6547 155.3802 127.5545 183.1713 1.5014 1.6464 4.0924 -29.4000 0.1457 40.2442 1.5780 -1.8065
103 -1 Car -1 -1 -0.2900 411.1186 151.5068 488.2151 178.6069 1.4828 1.6306 4.0278 -8.9155 -0.1119 40.6070 -0.5062 -1.9110
103 -1 Car -1 -1 2.2705 116.7237 150.2351 218.9539 187.9650 1.4809 1.5801 3.8027 -18.2884 0.2945 29.7450 1.7193 -2.0082
104 -1 Car -1 -1 3.0281 253.7236 146.6099 365.4554 191.4906 1.5131 1.5732 3.5465 -10.6210 0.3721 25.3838 2.6319 0.0349
104 -1 Car -1 -1 1.8990 224.8444 144.7409 289.6796 177.0679 1.4844 1.6459 4.1142 -17.1636 -0.1792 35.0631 1.4438 -0.7419
104 -1 Car -1 -1 -0.1267 400.6870 156.0033 467.3820 179.8052 1.4837 1.6224 4.0109 -11.0373 -0.0450 45.6279 -0.3640 -1.0743
104 -1 Car -1 -1 1.9096 311.6321 152.1008 371.0965 183.4983 1.4689 1.5978 3.7571 -12.9750 0.1417 34.9660 1.5543 -1.3184
104 -1 Car -1 -1 2.1659 251.9859 146.0155 330.2314 178.0936 1.4817 1.6050 3.9546 -15.4805 -0.1250 35.0565 1.7500 -1.4785
104 -1 Car -1 -1 2.1125 0.0000 147.7274 111.2860 194.3533 1.4941 1.6402 4.1331 -19.4120 0.4455 24.8029 1.4484 -1.5715
105 -1 Car -1 -1 3.4717 253.7944 151.3718 382.7200 196.4708 1.5998 1.6567 4.0813 -10.4923 0.5680 26.0115 3.0883 0.8824
105 -1 Car -1 -1 1.8588 224.2919 141.2607 286.6769 174.1821 1.4867 1.6436 4.1867 -17.2081 -0.3308 34.9721 1.4016 -0.0353
105 -1 Car -1 -1 1.7522 394.5752 153.3092 431.0855 177.2318 1.4797 1.6380 3.8575 -12.5246 -0.2218 46.2645 1.4878 -1.1695
105 -1 Car -1 -1 1.9843 212.8184 152.4457 308.0891 197.9406 1.6247 1.6868 4.4254 -13.2705 0.6244 27.4868 1.5345 -2.1331
106 -1 Car -1 -1 -1.5906 458.2608 150.6280 494.6750 183.7764 1.4719 1.5997 3.9340 -6.1449 0.1469 33.4773 -1.7721 2.3118
106 -1 Car -1 -1 1.7800 391.0045 152.7999 429.3375 176.9113 1.4814 1.6205 3.9694 -12.6420 -0.2429 46.0712 1.5122 -1.3277
106 -1 Car -1 -1 -1.8258 0.0000 137.3994 69.7500 194.0670 1.4774 1.6008 3.8768 -17.0235 0.3553 20.2011 -2.5261 -1.3581
106 -1 Car -1 -1 -0.6014 430.2476 151.0144 504.9602 178.4160 1.4875 1.6192 4.0083 -7.8676 -0.1244 40.6764 -0.7924 -1.6089
106 -1 Car -1 -1 0.5324 28.4541 157.2519 132.9289 188.9195 1.4742 1.5484 3.7581 -25.0692 0.3934 33.8759 -0.1047 -1.6362
106 -1 Car -1 -1 -2.1593 291.0509 145.0190 386.2846 187.0080 1.4804 1.5860 3.6629 -10.0880 0.2310 26.6327 -2.5214 -1.7537
106 -1 Car -1 -1 -1.6933 33.3200 144.5064 100.4654 185.8468 1.4892 1.5958 3.9449 -20.9476 0.1941 27.4335 -2.3454 -1.9974
106 -1 Car -1 -1 3.7823 163.9451 153.5351 278.5605 190.8888 1.4629 1.6047 3.9177 -15.5940 0.4084 28.7609 3.2855 -2.0571
106 -1 Car -1 -1 -2.4094 495.7274 150.5828 581.2744 183.5858 1.4829 1.6221 3.9803 -3.2095 0.1401 33.5998 -2.5046 -2.0573
107 -1 Car -1 -1 -1.4451 536.1385 150.4179 582.0642 184.0000 1.4726 1.6423 4.1193 -2.1017 0.1549 33.1056 -1.5085 -0.2170
107 -1 Car -1 -1 1.7681 392.0914 154.7779 428.8160 178.6846 1.4779 1.5942 3.7707 -12.5916 -0.1216 45.9372 1.5005 -0.8698
108 -1 Car -1 -1 0.1112 0.0000 132.7694 64.3433 194.2248 1.5009 1.6294 4.1669 -17.3251 0.3368 19.1422 -0.6244 4.4770
108 -1 Car -1 -1 3.5786 172.2561 146.2001 305.7491 190.3075 1.5983 1.6545 4.1394 -13.6727 0.3569 26.5238 3.1026 -0.0745
108 -1 Car -1 -1 -1.3767 389.2915 153.7650 425.9456 177.9685 1.4922 1.5978 3.7728 -12.7756 -0.1701 45.9366 -1.6480 -1.0700
108 -1 Car -1 -1 1.5667 0.0000 143.4893 22.5343 183.2915 1.4885 1.5769 3.9291 -24.5454 0.1059 28.4371 0.8546 -1.4568
108 -1 Car -1 -1 -1.5431 529.9933 149.6105 566.4876 183.0659 1.4592 1.5834 3.7180 -2.5968 0.1134 32.7302 -1.6223 -1.9151
109 -1 Car -1 -1 1.2941 0.0000 132.5719 52.7088 189.9552 1.4817 1.6819 4.1682 -17.6054 0.2457 20.0908 0.5745 0.3530
109 -1 Car -1 -1 -3.2088 509.4343 153.6091 626.7303 196.2461 1.5002 1.6608 4.1744 -1.4200 0.5556 25.9513 -3.2635 -0.1194
109 -1 Car -1 -1 2.0216 215.9946 141.5459 291.4303 174.7337 1.4979 1.6435 4.2252 -17.1769 -0.2994 34.7644 1.5627 -0.1926
109 -1 Car -1 -1 -0.1292 401.5886 155.4754 468.6118 179.3044 1.4838 1.6292 4.0316 -10.9742 -0.0784 45.6519 -0.3652 -0.3614
109 -1 Car -1 -1 -0.2468 439.2276 149.5917 516.5788 176.9990 1.4894 1.6123 4.0802 -7.2647 -0.2065 40.3970 -0.4247 -0.8196
109 -1 Car -1 -1 -1.5568 408.7786 151.2865 445.5359 184.4974 1.4677 1.5852 3.7096 -8.3469 0.1781 33.2293 -1.8029 -1.3543
109 -1 Car -1 -1 -1.4620 362.1851 150.9034 399.3746 178.4879 1.4737 1.6027 3.8708 -12.6805 -0.1187 40.1255 -1.7681 -2.0253
110 -1 Car -1 -1 1.4349 0.0000 130.4071 24.5605 188.8932 1.5021 1.6174 4.1924 -18.0781 0.2172 20.1270 0.7031 -0.2326
110 -1 Car -1 -1 -1.4379 451.3930 151.9325 498.4662 186.5982 1.4856 1.6098 3.9159 -5.8933 0.2628 32.2904 -1.6184 -1.3169
110 -1 Car -1 -1 -0.1214 402.6264 154.4719 470.0216 178.6374 1.5035 1.6064 4.0704 -10.9006 -0.1229 45.6740 -0.3557 -1.7638
110 -1 Car -1 -1 -0.9856 40.8099 154.5239 117.3004 181.9041 1.4749 1.5938 3.8931 -29.7099 0.0770 40.0684 -1.6237 -2.0250
111 -1 Car -1 -1 -2.2180 487.0598 148.4945 568.4581 182.8484 1.4742 1.6115 3.9955 -3.6036 0.1023 32.3402 -2.3289 0.8528
111 -1 Car -1 -1 -1.4207 460.2662 150.5953 509.5326 185.6920 1.5046 1.6342 4.0528 -5.4425 0.2241 32.3454 -1.5874 -0.1770
111 -1 Car -1 -1 -0.1442 399.1795 155.6971 466.2903 179.5265 1.4829 1.6273 4.0156 -11.1181 -0.0636 45.6230 -0.3832 -1.0734
111 -1 Car -1 -1 2.0402 133.6614 142.9377 230.9921 184.4894 1.4835 1.6049 3.9499 -16.1863 0.1440 27.2626 1.5044 -1.2924
112 -1 Car -1 -1 -0.0951 401.5287 155.6167 469.7074 179.3369 1.4785 1.6439 4.1441 -10.9453 -0.0762 45.6580 -0.3304 1.4440
112 -1 Car -1 -1 -1.2132 419.6141 152.5834 481.9247 186.4668 1.4958 1.6105 3.8652 -7.1893 0.2649 33.2369 -1.4263 -0.6497
112 -1 Car -1 -1 -2.5969 474.6900 147.0309 569.5090 181.9579 1.5031 1.6265 3.9964 -3.7762 0.0642 31.9906 -2.7144 -1.3388
112 -1 Car -1 -1 -1.3357 394.2894 153.5395 448.7756 186.7961 1.4752 1.6206 3.9042 -8.5900 0.2808 33.3250 -1.5879 -1.6767
113 -1 Car -1 -1 -0.0977 401.5666 156.1182 469.7488 179.7434 1.4746 1.6446 4.1428 -10.9464 -0.0491 45.6745 -0.3329 1.9521
113 -1 Car -1 -1 1.9308 299.0788 149.9999 366.6793 185.2075 1.4806 1.5867 3.7944 -12.1039 0.1994 31.6303 1.5653 1.6845
113 -1 Car -1 -1 0.0998 0.0000 147.2490 37.7855 188.3902 1.4768 1.6180 3.8121 -24.2980 0.2848 27.1525 -0.6302 -0.8948
114 -1 Car -1 -1 -1.3871 0.0000 78.7509 256.2244 374.0000 1.6578 1.6484 3.9417 -3.9423 1.1289 5.8178 -1.9827 -1.3418
114 -1 Car -1 -1 -1.3147 409.4685 152.5576 465.1692 186.3329 1.4828 1.6046 3.8520 -7.7655 0.2575 32.9814 -1.5459 -1.6662
114 -1 Car -1 -1 2.0797 181.1600 153.9511 314.2407 214.3392 1.4584 1.5795 3.6843 -9.4434 0.8188 18.9471 1.6173 -2.1352
115 -1 Car -1 -1 -1.0215 48.0782 148.7369 153.9396 188.6213 1.4675 1.6104 3.9063 -19.8452 0.3003 28.0124 -1.6379 -1.5050
115 -1 Car -1 -1 0.1552 0.0000 145.5034 34.8093 186.4896 1.4782 1.5908 3.8097 -24.5012 0.2175 27.2024 -0.5780 -1.7958
115 -1 Car -1 -1 1.7695 387.6723 155.1647 426.0929 179.1393 1.4889 1.6413 4.1177 -12.9067 -0.0918 46.2606 1.4975 -2.0099
115 -1 Car -1 -1 0.7053 0.0000 153.7239 64.7457 185.4265 1.4735 1.5787 3.6936 -28.1859 0.2304 33.6627 0.0082 -2.0925
115 -1 Car -1 -1 1.9859 138.7255 145.1519 233.4079 187.7311 1.4855 1.6081 3.9777 -15.7291 0.2538 26.7319 1.4541 -2.1110
116 -1 Car -1 -1 3.0628 259.3519 144.1793 374.8067 189.7204 1.4813 1.5606 3.5932 -9.9972 0.3014 24.4971 2.6754 -0.9046
116 -1 Car -1 -1 -1.3600 359.3058 152.2152 403.2386 179.6652 1.4718 1.6031 3.8426 -12.6102 -0.0482 40.0157 -1.6653 -1.2528
117 -1 Car -1 -1 -0.3866 56.7050 146.1137 185.8142 186.4948 1.4748 1.6057 3.8867 -18.9961 0.2205 27.8817 -0.9846 1.0278
117 -1 Car -1 -1 -0.4755 435.5575 150.7937 512.1694 177.8140 1.4727 1.6220 4.0547 -7.5412 -0.1608 40.7896 -0.6583 0.7301
117 -1 Car -1 -1 3.7924 0.0000 155.1347 59.2210 186.9113 1.4650 1.5649 3.6092 -28.2887 0.2970 33.4656 3.0907 -0.4721
117 -1 Car -1 -1 0.7501 0.0000 145.5044 46.5207 184.5719 1.4904 1.6148 4.0447 -24.6456 0.1568 27.8260 0.0252 -1.0073
117 -1 Car -1 -1 3.7531 8.9292 158.2595 99.6185 185.6375 1.4768 1.5912 3.7103 -30.3498 0.2785 39.0200 3.0921 -1.5877
117 -1 Car -1 -1 -1.3521 371.8292 152.9607 416.0087 180.2823 1.4768 1.6078 3.8747 -11.9586 -0.0116 40.2331 -1.6410 -1.7350
117 -1 Car -1 -1 -3.0690 521.4902 154.6508 625.3842 195.9713 1.4702 1.5772 3.7106 -1.1342 0.5520 25.9934 -3.1126 -1.7726
118 -1 Car -1 -1 2.2087 68.1079 144.3868 177.8288 184.2586 1.4829 1.6045 3.9227 -19.1614 0.1413 28.2856 1.6133 -0.2002
118 -1 Car -1 -1 -2.4424 0.0000 155.8482 60.9263 187.3394 1.4623 1.5791 3.6706 -28.3330 0.3190 33.6192 -3.1427 -1.6964
119 -1 Car -1 -1 -0.3991 69.0304 146.1827 187.9500 185.4013 1.4516 1.5734 3.5932 -18.8745 0.1829 28.0993 -0.9906 0.4395
120 -1 Car -1 -1 -1.1702 372.8268 154.0483 426.4812 181.2141 1.4659 1.5987 3.7193 -11.5868 0.0399 40.0907 -1.4515 -0.6444
120 -1 Car -1 -1 0.0607 22.7905 132.5441 189.7151 190.3589 1.4871 1.5458 3.7050 -13.8354 0.2552 19.8076 -0.5490 -1.1493
120 -1 Car -1 -1 -2.7710 241.0673 144.2784 356.8984 180.5905 1.5250 1.6596 4.2935 -13.1913 0.0053 30.5972 -3.1780 -1.6536
121 -1 Car -1 -1 -0.0006 1.2256 132.7772 194.6044 192.8066 1.5064 1.6366 4.2177 -13.9448 0.3104 19.6273 -0.6183 3.7576
121 -1 Car -1 -1 -1.3430 369.5009 154.1544 425.4897 188.9789 1.4732 1.5997 3.8156 -9.2922 0.3602 31.8552 -1.6268 -1.5077
121 -1 Car -1 -1 -2.3801 0.0000 171.8711 253.4883 307.9210 1.4935 1.6305 4.1883 -6.8769 1.4005 8.7700 -3.0451 -1.6523
122 -1 Car -1 -1 2.1655 92.7473 147.2395 200.8451 187.2983 1.4881 1.6218 4.0824 -18.2246 0.2541 28.3192 1.5937 -0.4332
122 -1 Car -1 -1 -0.9935 48.4835 147.4173 156.1499 187.2959 1.4687 1.6066 3.8996 -19.7935 0.2518 28.0136 -1.6086 -1.0097
122 -1 Car -1 -1 -1.6785 550.1232 150.1238 583.2025 176.1232 1.4681 1.5882 3.7285 -2.3526 -0.2743 42.5507 -1.7338 -1.9779
122 -1 Car -1 -1 3.5578 173.6176 156.6709 299.5258 199.2039 1.5365 1.6177 3.8578 -13.7364 0.6772 26.4650 3.0790 -2.1649
123 -1 Car -1 -1 -0.3618 372.8676 151.8224 435.7928 173.3600 1.4939 1.6306 4.1623 -14.7796 -0.5449 52.1875 -0.6377 -0.5668
123 -1 Car -1 -1 -1.4721 362.6917 150.0013 398.8899 177.5521 1.4688 1.5934 3.8145 -12.6913 -0.1745 40.1553 -1.7783 -1.2294
123 -1 Car -1 -1 2.0424 0.0000 146.3388 87.5620 186.8791 1.5466 1.6068 4.0314 -23.2675 0.2449 29.1047 1.3680 -1.9515
124 -1 Car -1 -1 -1.4057 389.7448 154.1683 440.5899 190.4228 1.5397 1.6097 3.8730 -8.5470 0.4229 32.0273 -1.6665 -0.2579
124 -1 Car -1 -1 0.0176 349.2803 152.6103 426.7448 180.3085 1.4898 1.6337 4.0456 -12.0528 -0.0097 39.3861 -0.2794 -0.3772
124 -1 Car -1 -1 2.1870 46.6299 155.2800 126.0714 182.6456 1.4842 1.6206 4.0424 -29.5151 0.1178 40.3763 1.5557 -1.7118
124 -1 Car -1 -1 1.9526 226.2811 142.1923 296.7124 178.0359 1.5164 1.5799 3.7872 -15.5289 -0.1173 32.1195 1.5023 -1.8960
125 -1 Car -1 -1 2.0091 206.2340 161.9401 293.8898 201.6825 1.4750 1.6152 3.9134 -14.0667 0.7877 28.2130 1.5466 -1.1834
125 -1 Car -1 -1 -1.5307 417.3479 150.6660 448.4271 177.7059 1.4768 1.6031 3.8694 -9.9654 -0.1692 41.0899 -1.7686 -1.3970
125 -1 Car -1 -1 -0.3721 372.7493 151.3599 436.4192 173.1654 1.5100 1.6284 4.2188 -14.7547 -0.5600 52.1732 -0.6477 -1.5623
126 -1 Car -1 -1 -1.4050 386.4741 152.7593 438.3494 189.1963 1.5274 1.6159 3.9239 -8.5712 0.3660 31.6652 -1.6694 -0.5627
126 -1 Car -1 -1 0.2865 0.0000 145.5321 117.6691 187.6716 1.4934 1.6023 3.9297 -20.8522 0.2557 26.5245 -0.3798 -1.3161
126 -1 Car -1 -1 -2.7275 245.5508 152.5606 348.5048 187.4574 1.4853 1.5778 3.8133 -13.4191 0.2976 30.8867 -3.1374 -1.6106
126 -1 Car -1 -1 -1.3728 356.0480 151.6417 400.1297 179.2143 1.4778 1.6233 4.0410 -12.8409 -0.0755 40.1849 -1.6821 -1.9451
126 -1 Car -1 -1 3.1348 233.2696 143.5150 372.8442 196.3002 1.5514 1.6283 3.9159 -9.4863 0.4660 22.3016 2.7326 -2.1258
127 -1 Car -1 -1 0.0456 0.0000 142.3945 113.0668 185.3802 1.4850 1.6041 3.9855 -20.7248 0.1701 26.2357 -0.6229 1.3521
127 -1 Car -1 -1 1.8272 354.0529 148.3695 402.3993 177.3826 1.5454 1.6347 4.0849 -12.8283 -0.1850 40.1880 1.5182 -0.2719
127 -1 Car -1 -1 0.5362 140.5672 161.1425 267.2496 202.4498 1.4825 1.5963 3.8064 -14.8296 0.7893 26.2099 0.0213 -1.2066
127 -1 Car -1 -1 1.8368 203.2656 160.5061 291.7005 209.4163 1.4918 1.6353 4.0376 -11.8824 0.8835 23.7005 1.3721 -1.5429
127 -1 Car -1 -1 -0.0114 20.6565 153.9574 139.5984 192.1721 1.4791 1.6032 3.8565 -21.5902 0.4533 29.1658 -0.6486 -1.8326
128 -1 Car -1 -1 1.6472 546.2294 148.8051 577.8264 175.1396 1.4817 1.6078 3.8734 -2.5469 -0.3359 42.5227 1.5874 0.9920
128 -1 Car -1 -1 -1.2700 379.3976 153.7446 439.8643 189.1902 1.4747 1.5760 3.6125 -8.5782 0.3630 31.2434 -1.5380 0.5539
128 -1 Car -1 -1 0.2676 0.0000 145.8087 118.0918 187.6479 1.4843 1.5950 3.8519 -20.8038 0.2551 26.5581 -0.3969 -1.2175
128 -1 Car -1 -1 1.1809 196.8253 143.2927 270.5477 176.5484 1.4933 1.6915 4.1773 -18.0178 -0.2009 34.2052 0.6961 -1.6231
129 -1 Car -1 -1 -0.1474 410.1956 154.6924 477.3387 178.4622 1.4810 1.6284 4.0453 -10.4469 -0.1350 45.7982 -0.3717 0.0003
129 -1 Car -1 -1 -2.2038 275.2744 154.3554 354.8913 188.8750 1.4663 1.5465 3.4523 -12.9869 0.3572 31.5873 -2.5939 -0.4696
129 -1 Car -1 -1 0.0220 103.5517 122.7446 372.1489 223.0711 1.5051 1.5743 3.8618 -6.1698 0.6403 12.1478 -0.4480 -1.2821
129 -1 Car -1 -1 2.2152 47.9532 155.4420 128.5263 183.1809 1.5033 1.6338 4.0036 -29.3713 0.1467 40.3259 1.5857 -1.3646
129 -1 Car -1 -1 3.1003 249.4839 145.0378 379.1122 196.5613 1.5976 1.6304 3.8593 -9.6429 0.4996 23.4651 2.7104 -1.8781
129 -1 Car -1 -1 1.8545 225.6292 144.2280 287.2586 176.6513 1.4784 1.6315 4.1621 -17.1491 -0.2008 34.9453 1.3982 -2.1657
130 -1 Car -1 -1 0.3987 0.0000 134.7400 142.8165 192.7918 1.4873 1.6092 3.8965 -15.2283 0.3165 19.3998 -0.2668 2.0017
130 -1 Car -1 -1 -0.1143 406.1578 156.8944 473.7005 180.5151 1.4812 1.6357 4.1002 -10.6970 0.0023 45.7932 -0.3438 0.7398
130 -1 Car -1 -1 -1.5388 575.8049 149.6066 612.7741 183.4861 1.4902 1.6045 4.0850 -0.4666 0.1328 33.1512 -1.5529 -1.1444
130 -1 Car -1 -1 3.3174 317.1154 158.3800 413.4290 194.8522 1.4857 1.5772 3.6326 -10.0720 0.5861 29.8482 2.9920 -1.4013
130 -1 Car -1 -1 0.6736 0.0000 147.6295 110.4676 189.5471 1.4791 1.6265 4.0588 -20.6474 0.3208 25.7617 -0.0021 -1.6865
131 -1 Car -1 -1 3.3573 266.9804 151.0469 363.5721 185.7767 1.4698 1.5620 3.6720 -12.6519 0.2248 31.0023 2.9698 0.5847
131 -1 Car -1 -1 0.6149 0.0000 137.4749 141.3693 193.5909 1.4839 1.6051 3.9840 -15.4280 0.3477 19.5964 -0.0520 0.3767
131 -1 Car -1 -1 -1.8308 376.3376 155.0685 423.2444 182.3522 1.4743 1.6108 3.9027 -11.7438 0.1015 40.2872 -2.1145 -0.8742
131 -1 Car -1 -1 1.5739 408.7988 153.6424 435.7134 177.8220 1.4955 1.6371 3.9861 -11.9685 -0.1823 46.3321 1.3211 -1.9088
132 -1 Car -1 -1 -0.1246 400.1769 155.9074 467.4632 179.7096 1.4829 1.6288 4.0491 -11.0503 -0.0513 45.6240 -0.3623 -0.1334
132 -1 Car -1 -1 2.2770 71.9418 148.2002 181.6544 188.0383 1.4538 1.5809 3.6308 -18.6233 0.2766 27.6910 1.6849 -0.7590
132 -1 Car -1 -1 0.7966 0.0000 137.6563 129.9628 194.0031 1.4957 1.5919 4.0483 -15.8112 0.3600 19.8006 0.1227 -0.9276
132 -1 Car -1 -1 2.0572 181.4897 144.2952 259.7571 177.2176 1.4999 1.6123 4.1716 -18.7767 -0.1695 34.7190 1.5615 -2.1232
133 -1 Car -1 -1 -0.1170 407.9062 155.8076 475.4082 179.5769 1.4833 1.6354 4.0874 -10.5618 -0.0602 45.6917 -0.3441 0.7258
133 -1 Car -1 -1 0.4585 0.0000 137.5497 115.8603 195.9249 1.4906 1.5942 3.8934 -15.9283 0.3955 19.2734 -0.2322 0.4334
133 -1 Car -1 -1 -1.2087 207.3240 156.1476 291.3563 197.8280 1.4692 1.6031 3.8227 -13.4419 0.6123 26.9009 -1.6721 -0.7894
133 -1 Car -1 -1 -0.1759 0.0000 146.5314 118.2092 186.0479 1.5039 1.6233 3.9703 -22.5099 0.2126 28.9211 -0.8373 -1.3309
133 -1 Car -1 -1 1.9053 314.7576 149.8595 379.3867 186.4815 1.5647 1.6022 3.7877 -11.6465 0.2570 32.1085 1.5573 -1.4976
133 -1 Car -1 -1 -0.9942 49.2624 146.9232 153.1890 186.3372 1.4595 1.5918 3.7124 -19.8848 0.2177 28.0643 -1.6107 -1.7561
133 -1 Car -1 -1 -1.2928 103.4782 164.4429 194.6673 212.9094 1.4690 1.5590 3.7878 -15.0315 0.9839 23.4631 -1.8626 -2.0673
134 -1 Car -1 -1 0.1027 0.0000 142.3885 22.6495 185.0170 1.5012 1.6200 4.1299 -24.8052 0.1606 26.7820 -0.6444 3.5546
134 -1 Car -1 -1 2.4750 52.3709 145.3065 178.7460 185.3812 1.4851 1.6230 4.0273 -19.5093 0.1824 28.3613 1.8725 -0.8087
134 -1 Car -1 -1 -0.1360 405.8216 156.4725 472.4698 180.2010 1.4868 1.6203 4.0222 -10.7505 -0.0187 45.8139 -0.3664 -1.8103
134 -1 Car -1 -1 2.1544 182.3205 161.0493 285.4588 203.9832 1.4592 1.5884 3.6696 -13.5131 0.7996 25.9317 1.6740 -2.0706
135 -1 Car -1 -1 -1.5338 0.0000 141.5666 73.4755 199.6441 1.4689 1.6013 4.0076 -16.0550 0.4858 19.9627 -2.2111 1.0628
135 -1 Car -1 -1 -0.1294 404.4967 155.3951 471.6744 179.2151 1.4866 1.6285 4.0554 -10.8069 -0.0845 45.7598 -0.3613 -0.1160
135 -1 Car -1 -1 3.2672 263.6914 140.3745 388.1961 186.7148 1.4497 1.5726 3.6528 -9.1308 0.1960 23.3234 2.8940 -0.2923
135 -1 Car -1 -1 -1.5858 578.1264 151.6356 613.9994 184.4411 1.4699 1.6087 3.8216 -0.4750 0.1781 33.6097 -1.5999 -1.6700
136 -1 Car -1 -1 -0.1109 401.7346 153.6696 469.0781 177.5642 1.4780 1.6312 4.0629 -10.9306 -0.1939 45.5448 -0.3464 0.4543
136 -1 Car -1 -1 1.6395 413.2256 148.0589 446.4740 175.3583 1.4834 1.6179 3.9853 -10.1921 -0.3144 41.3107 1.3976 -1.0048
136 -1 Car -1 -1 1.8953 90.2098 157.2422 188.8134 207.3965 1.4793 1.5684 3.6590 -14.9189 0.7949 22.8175 1.3163 -1.3548
136 -1 Car -1 -1 1.8475 372.5847 149.4599 422.8409 178.2095 1.5321 1.6414 4.2427 -11.7024 -0.1356 40.1408 1.5639 -2.0769
137 -1 Car -1 -1 -0.1179 403.9669 154.8479 472.3364 179.0182 1.5059 1.6078 4.1399 -10.7866 -0.0975 45.6912 -0.3498 0.6006
137 -1 Car -1 -1 1.9971 185.1480 162.8824 284.4718 209.1902 1.4739 1.5962 3.8343 -12.6980 0.9147 24.4555 1.5182 -0.2036
137 -1 Car -1 -1 0.1926 2.8188 147.1879 129.3797 185.9576 1.4859 1.5838 3.8490 -21.7264 0.2107 28.6531 -0.4562 -1.1222
137 -1 Car -1 -1 3.2383 278.6905 141.1605 398.8831 191.4017 1.5690 1.5861 3.5713 -8.7016 0.3420 23.3029 2.8809 -1.1252
137 -1 Car -1 -1 0.3854 284.1023 150.0889 370.6691 179.8653 1.4774 1.5886 3.7769 -14.0758 -0.0316 35.9294 0.0121 -1.4977
137 -1 Car -1 -1 0.5135 0.0000 153.0780 58.8241 185.5874 1.4851 1.5616 3.9125 -28.4987 0.2339 33.4348 -0.1924 -1.9356
138 -1 Car -1 -1 -0.0970 400.4486 155.0713 467.5781 178.8702 1.4809 1.6333 4.0717 -11.0415 -0.1072 45.6279 -0.3344 0.6844
138 -1 Car -1 -1 -1.3115 354.5675 147.2296 415.8574 186.5117 1.5662 1.5954 3.6879 -9.2859 0.2412 30.0601 -1.6111 -1.8858
138 -1 Car -1 -1 -1.6340 0.0000 146.0369 23.9897 186.2586 1.5010 1.6238 4.0283 -24.6351 0.2164 28.3848 -2.3488 -2.0442
139 -1 Car -1 -1 0.1820 0.0000 130.4573 59.9313 194.7833 1.5020 1.6138 4.0490 -16.7605 0.3351 18.2641 -0.5605 1.8730
139 -1 Car -1 -1 2.0730 172.4623 142.1669 307.2726 206.0972 1.5253 1.5986 3.6583 -9.5326 0.6123 18.7170 1.6019 -0.5359
139 -1 Car -1 -1 -0.1216 403.8024 155.3305 468.6907 179.2198 1.4900 1.5949 3.9129 -10.9070 -0.0840 45.6763 -0.3560 -1.2161
139 -1 Car -1 -1 -1.9577 120.4409 145.2799 200.6165 181.9848 1.4634 1.5764 3.7307 -18.8533 0.0607 29.9117 -2.5201 -1.2807
139 -1 Car -1 -1 3.5001 273.5081 143.8551 390.1971 182.1905 1.5327 1.6530 4.1690 -11.2001 0.0691 29.1088 3.1328 -1.4615
139 -1 Car -1 -1 -0.9871 51.3543 147.6951 154.5267 186.9994 1.4590 1.5829 3.6676 -19.8442 0.2428 28.0987 -1.6020 -1.4879
139 -1 Car -1 -1 0.7649 0.0000 143.5029 44.4031 182.2783 1.4855 1.5908 4.0479 -24.8134 0.0696 27.9558 0.0390 -2.0249
140 -1 Car -1 -1 0.1714 0.0000 132.2356 54.1131 196.0880 1.4954 1.5957 4.0344 -16.9476 0.3667 18.3206 -0.5751 1.7043
140 -1 Car -1 -1 -0.1204 406.5185 155.0536 474.3504 178.8538 1.4809 1.6357 4.1000 -10.6334 -0.1084 45.6625 -0.3492 0.7775
140 -1 Car -1 -1 -0.7124 0.0000 137.7557 32.2086 181.3180 1.4835 1.5623 3.7349 -23.5376 0.0294 26.0222 -1.4477 -1.4009
140 -1 Car -1 -1 2.1505 52.5624 143.6784 162.0654 183.7249 1.4807 1.6226 4.0316 -19.7039 0.1208 28.1783 1.5403 -1.9883
141 -1 Car -1 -1 -0.1080 402.7845 155.1103 469.8784 178.9299 1.4834 1.6354 4.0633 -10.9019 -0.1033 45.6729 -0.3423 0.3405
141 -1 Car -1 -1 -1.6063 0.0000 145.7531 49.8581 205.0705 1.4771 1.5871 3.8505 -16.5827 0.6135 19.5599 -2.3095 -0.5511
141 -1 Car -1 -1 1.5001 529.6958 144.4841 573.3908 181.6051 1.5730 1.6680 4.3375 -2.5178 0.0483 32.2244 1.4221 -1.6523
142 -1 Car -1 -1 -0.1055 407.0850 154.8049 475.7977 178.6353 1.4844 1.6447 4.1795 -10.5844 -0.1231 45.7261 -0.3330 0.4712
142 -1 Car -1 -1 -2.6799 269.5442 153.9948 372.2957 188.3945 1.4732 1.6132 3.9047 -12.5249 0.3396 31.2359 -3.0612 0.1197
142 -1 Car -1 -1 2.5325 0.0000 148.8872 66.2011 200.8556 1.4998 1.6040 3.9035 -19.7133 0.5890 22.4878 1.8128 -1.4828
142 -1 Car -1 -1 2.1698 49.6939 145.4566 161.5777 185.9384 1.4899 1.6157 4.0605 -19.6818 0.2017 28.0571 1.5580 -1.6585
143 -1 Car -1 -1 -0.1272 407.0168 155.7344 474.8355 179.4832 1.4853 1.6404 4.1071 -10.6389 -0.0667 45.8263 -0.3553 1.0239
143 -1 Car -1 -1 -1.5551 546.5107 146.3714 581.5531 178.5424 1.4735 1.6166 3.9856 -1.9932 -0.1001 34.6521 -1.6126 0.5781
143 -1 Car -1 -1 -2.6419 173.0417 153.2548 292.9279 193.6572 1.4653 1.5787 3.6645 -13.8846 0.4787 26.4568 -3.1252 -0.2190
143 -1 Car -1 -1 -0.9722 50.2394 151.1746 158.7839 191.2362 1.4773 1.6051 3.8729 -19.7086 0.3974 28.0150 -1.5852 -1.4462
144 -1 Car -1 -1 -0.1188 402.5968 154.9197 469.9859 178.8150 1.4871 1.6358 4.0695 -10.9040 -0.1110 45.6758 -0.3531 0.1898
144 -1 Car -1 -1 3.5445 178.2729 153.2810 300.2463 194.0517 1.4623 1.5800 3.7066 -13.5422 0.4876 26.2778 3.0686 -0.6267
144 -1 Car -1 -1 -0.1490 0.0000 147.1539 125.8331 186.1409 1.4888 1.6191 3.9102 -22.1653 0.2169 28.9627 -0.8022 -1.0752
