0 -1 Car -1 -1 -6.1334 457.9243 180.9908 565.6405 217.2130 1.4819 1.6695 4.3523 -4.1733 1.8385 30.7786 -6.2676 2.2849
0 -1 Cyclist -1 -1 -6.3708 554.9128 166.8499 663.6187 273.5938 1.7702 0.6375 1.8112 -0.0846 1.6704 12.3697 -6.3788 1.2654
0 -1 Car -1 -1 -4.5633 654.2335 180.5692 691.5231 208.0001 1.7015 1.8572 4.4824 4.2447 2.2454 48.5003 -4.4771 1.0623
0 -1 Pedestrian -1 -1 -3.4360 634.5273 179.4566 649.9080 211.7065 1.6867 0.5488 0.6834 1.6663 2.0394 38.2306 -3.3934 -0.6919
0 -1 Car -1 -1 -4.7468 679.8913 182.5364 702.6457 203.9020 1.5632 1.6303 3.9224 6.3198 2.3500 56.6375 -4.6368 -0.8848
0 -1 Car -1 -1 -5.4083 320.5146 180.1647 388.3253 205.2618 1.4562 1.6312 4.2223 -15.8785 1.9266 44.6789 -5.7482 -1.7885
0 -1 Car -1 -1 -8.0672 1116.1232 166.8873 1160.7755 192.2985 1.5922 1.5898 3.7220 34.4966 1.2180 47.2322 -7.4395 -1.8359
0 -1 Car -1 -1 -3.5500 983.9996 168.3745 1051.5513 191.2761 1.5062 1.5793 3.6160 27.2887 1.2113 48.4239 -3.0396 -2.1782
0 -1 Car -1 -1 -5.1767 941.4708 171.2962 992.3126 194.2909 1.5370 1.6047 3.8396 24.7098 1.4326 50.1564 -4.7216 -2.1921
0 -1 Car -1 -1 -7.9174 289.9697 178.4966 318.0031 201.8571 1.5404 1.5819 3.6030 -21.4710 1.9504 50.4941 -8.3178 -2.1954
1 -1 Car -1 -1 -6.1814 470.4524 181.8477 576.5333 217.4232 1.4560 1.6529 4.3545 -3.6760 1.8507 30.8281 -6.2997 2.3663
1 -1 Cyclist -1 -1 -6.5062 569.8306 167.3047 681.3155 273.9437 1.7608 0.6270 1.8218 0.2041 1.6689 12.4093 -6.4915 2.0606
1 -1 Car -1 -1 -4.5362 653.3521 180.5979 692.5556 207.5590 1.6688 1.8582 4.5746 4.2541 2.2155 48.5180 -4.4498 1.1349
1 -1 Pedestrian -1 -1 -3.4897 629.8751 179.7839 647.6199 211.9320 1.6732 0.7229 0.7353 1.4806 2.0443 38.2076 -3.4518 0.7823
1 -1 Car -1 -1 -5.3891 325.4069 180.3219 389.3367 205.1462 1.4358 1.5694 3.9882 -15.6291 1.9138 44.4893 -5.7253 -0.6206
1 -1 Car -1 -1 -7.3998 315.5808 178.9469 360.9140 200.8329 1.5163 1.5882 3.8557 -19.9689 1.9812 53.0947 -7.7582 -1.3980
1 -1 Car -1 -1 -4.4145 679.1823 182.5381 713.5139 204.3511 1.5785 1.6030 3.8324 6.7241 2.3595 56.1362 -4.2965 -1.6680
1 -1 Car -1 -1 -7.8973 290.0718 178.1301 316.9044 201.4755 1.5395 1.5723 3.6298 -21.4872 1.9225 50.4507 -8.2983 -1.8483
1 -1 Car -1 -1 -5.1572 940.5409 170.6245 991.3423 194.1161 1.5712 1.6060 3.9710 24.6876 1.4218 50.2507 -4.7032 -1.8607
2 -1 Cyclist -1 -1 -6.4813 588.7300 167.0366 698.6714 273.0901 1.7683 0.6115 1.8120 0.5161 1.6710 12.4759 -6.4422 2.3028
2 -1 Car -1 -1 -6.2233 484.9924 181.6677 590.1467 217.4046 1.4620 1.6343 4.3656 -3.0864 1.8498 30.8670 -6.3227 1.7568
2 -1 Car -1 -1 -4.5415 653.8301 180.2904 692.7571 207.3324 1.6764 1.8615 4.5802 4.2778 2.2015 48.5287 -4.4547 1.2252
2 -1 Car -1 -1 -5.3644 325.3800 180.3849 391.7470 205.3088 1.4328 1.5985 4.2671 -15.5431 1.9155 44.4357 -5.6994 -0.3438
2 -1 Car -1 -1 -4.7418 679.3221 181.7061 702.3850 203.4223 1.5823 1.6608 4.0352 6.2527 2.2987 56.3435 -4.6323 -1.5115
2 -1 Car -1 -1 -6.4508 261.1332 179.3843 325.3595 202.9106 1.5179 1.6168 3.7971 -21.6242 1.9786 49.2217 -6.8630 -1.6710
2 -1 Car -1 -1 -5.1070 942.3521 170.8327 992.8562 194.2715 1.5626 1.6593 4.1683 24.7902 1.4275 50.2331 -4.6512 -1.9823
3 -1 Cyclist -1 -1 -6.4542 606.9217 167.5775 716.5051 272.0295 1.7573 0.5909 1.8218 0.8287 1.6682 12.5308 -6.3910 2.7593
3 -1 Car -1 -1 -6.2826 497.0827 180.9847 603.7137 216.9555 1.4721 1.6932 4.4447 -2.5928 1.8329 31.0202 -6.3659 1.9687
3 -1 Car -1 -1 -4.5448 655.1258 179.8571 693.8922 207.0468 1.6876 1.8602 4.6000 4.3582 2.1821 48.5133 -4.4563 1.5387
3 -1 Pedestrian -1 -1 -3.3125 625.1461 180.0810 639.5388 211.4861 1.6431 0.5788 0.6726 1.1429 2.0292 38.2385 -3.2835 0.3736
3 -1 Car -1 -1 -5.4006 324.4295 180.4149 391.6473 205.1835 1.4281 1.5906 4.2239 -15.5820 1.9124 44.4657 -5.7361 -0.1870
3 -1 Car -1 -1 -5.2800 471.1942 182.7313 527.9045 208.8498 1.5023 1.6087 3.9809 -6.9701 2.1465 45.0597 -5.4331 -1.6445
3 -1 Car -1 -1 -4.7656 679.8113 182.0095 703.4589 203.7156 1.5711 1.6087 3.7390 6.2481 2.3024 55.7498 -4.6551 -1.8918
3 -1 Car -1 -1 -5.1555 940.8448 171.1302 990.9316 194.2296 1.5455 1.5936 3.9038 24.6785 1.4299 50.2357 -4.7015 -1.9847
3 -1 Car -1 -1 -3.2918 262.6440 179.9251 325.7456 203.2629 1.5060 1.5964 3.7509 -21.5739 2.0048 49.2500 -3.7029 -2.0451
4 -1 Cyclist -1 -1 -6.4523 625.4429 166.2509 734.6813 270.9776 1.7678 0.6306 1.8104 1.1476 1.6560 12.5675 -6.3646 2.8723
4 -1 Car -1 -1 -6.3466 509.8761 180.1703 616.6333 216.7910 1.4983 1.6906 4.4787 -2.0930 1.8249 31.1031 -6.4139 2.0134
4 -1 Car -1 -1 -4.5673 656.4879 179.2200 692.7625 207.1743 1.7452 1.8134 4.4166 4.3582 2.1935 48.4789 -4.4787 1.8501
4 -1 Pedestrian -1 -1 -3.2413 623.2464 179.3463 636.1525 210.9290 1.6565 0.5806 0.6286 1.0041 2.0036 38.2867 -3.2159 0.2262
4 -1 Cyclist -1 -1 -4.7896 345.8419 175.0439 356.6797 202.0468 1.6947 0.5325 1.6029 -16.6274 1.8374 46.2606 -5.1331 -1.6497
4 -1 Car -1 -1 -5.6129 482.8822 184.4023 544.8728 210.3261 1.4707 1.5459 3.5446 -5.8948 2.1983 43.9050 -5.7461 -1.6828
4 -1 Pedestrian -1 -1 -2.5448 585.3555 175.0212 598.2968 203.7075 1.9009 0.7070 0.5679 -1.2487 2.0471 48.3319 -2.5710 -1.8164
4 -1 Car -1 -1 -4.6798 678.4631 181.7661 702.0638 203.5683 1.5732 1.6930 4.1932 6.2396 2.2924 56.0554 -4.5700 -1.8846
4 -1 Pedestrian -1 -1 -5.5384 1089.0854 203.8223 1149.4766 305.1839 1.1983 0.3815 0.4819 6.2726 1.5953 8.9785 -4.9447 -2.0116
4 -1 Car -1 -1 -5.0523 914.2028 172.6896 955.3694 194.1386 1.5765 1.6097 4.0026 24.7111 1.5641 55.0914 -4.6330 -2.1397
5 -1 Cyclist -1 -1 -6.4125 645.7833 165.3049 754.3773 269.5133 1.7750 0.6149 1.8152 1.4978 1.6461 12.6109 -6.2982 2.7008
5 -1 Car -1 -1 -6.3879 523.3420 181.2988 627.0929 216.7729 1.4514 1.6457 4.3314 -1.5823 1.8299 31.2169 -6.4388 2.1662
5 -1 Car -1 -1 -4.5829 654.3517 179.5405 688.9250 206.0939 1.6500 1.7446 4.5664 4.1569 2.1212 48.4680 -4.4984 0.5944
5 -1 Pedestrian -1 -1 -3.0363 620.1976 179.8438 635.4611 211.5332 1.6566 0.6912 0.7424 0.9102 2.0309 38.2805 -3.0133 0.5794
5 -1 Car -1 -1 -2.3346 333.8213 179.6774 400.3965 204.7619 1.4501 1.5972 3.9225 -14.9262 1.8831 44.2078 -2.6588 -1.2563
5 -1 Car -1 -1 -3.2147 257.6859 179.2618 322.7130 202.6262 1.5115 1.6168 3.9498 -21.8370 1.9628 49.2182 -3.6305 -1.3444
5 -1 Car -1 -1 -4.5908 677.2835 182.1660 704.4686 204.3187 1.5866 1.6202 3.9372 6.2304 2.3303 55.5460 -4.4802 -1.9901
5 -1 Car -1 -1 -7.5506 313.3076 179.4266 352.1066 201.5038 1.5272 1.5919 3.8131 -20.3557 2.0277 53.0261 -7.9158 -2.1898
5 -1 Car -1 -1 -4.7846 1016.9234 168.6209 1046.8610 190.1349 1.5080 1.5874 3.9972 30.7506 1.2109 52.7182 -4.2592 -2.1902
6 -1 Cyclist -1 -1 -6.4901 662.6790 163.8987 772.9938 269.1819 1.7962 0.6356 1.8244 1.8226 1.6431 12.6894 -6.3519 2.4311
6 -1 Car -1 -1 -6.4640 534.2286 180.3685 642.0154 216.6729 1.4873 1.6569 4.4566 -1.0194 1.8271 31.3724 -6.4969 2.3484
6 -1 Car -1 -1 -4.5985 655.8311 179.8515 691.1000 206.6360 1.6650 1.8684 4.4897 4.2815 2.1581 48.4871 -4.5115 1.8353
6 -1 Pedestrian -1 -1 -7.6199 615.5446 179.1862 630.9308 210.6499 1.6424 0.6706 0.7104 0.6660 1.9816 38.2631 -7.6033 -0.0333
6 -1 Car -1 -1 -5.3711 325.4027 180.4135 392.0144 205.4659 1.4417 1.6008 4.2660 -15.5440 1.9265 44.4658 -5.7058 -1.0125
6 -1 Car -1 -1 -5.0606 944.4589 170.5181 992.6096 194.0614 1.5671 1.6812 4.1064 24.8220 1.4113 50.1600 -4.6037 -1.8064
7 -1 Car -1 -1 -6.5064 546.1397 180.4490 652.1645 216.0801 1.4653 1.6501 4.3784 -0.5379 1.8111 31.5598 -6.5239 2.2703
7 -1 Cyclist -1 -1 -6.5279 681.4913 163.7269 792.1096 268.6429 1.7960 0.6469 1.8202 2.1668 1.6394 12.7475 -6.3645 2.0916
7 -1 Car -1 -1 -4.5613 654.9425 179.7098 692.4743 207.1014 1.7028 1.8547 4.5492 4.3016 2.1865 48.5007 -4.4739 1.5662
7 -1 Car -1 -1 -5.3961 324.2795 180.2087 392.1446 205.1455 1.4374 1.6028 4.2844 -15.5711 1.9087 44.4616 -5.7314 -0.4557
7 -1 Cyclist -1 -1 -6.4642 604.3546 177.4571 635.2222 211.6555 1.7879 0.6538 1.5448 0.4766 2.0348 38.2964 -6.4525 -0.6253
7 -1 Car -1 -1 -3.2528 261.0652 179.9483 325.8214 203.4066 1.5140 1.6157 3.8947 -21.6285 2.0144 49.2534 -3.6648 -1.5472
7 -1 Car -1 -1 -5.1067 941.7621 171.1969 991.7448 194.2506 1.5385 1.6469 4.1250 24.7466 1.4276 50.2617 -4.6518 -1.6418
7 -1 Car -1 -1 -7.8796 607.7588 177.4868 639.8040 210.3117 1.7096 1.6677 4.0329 0.6851 1.9802 40.1747 -7.8633 -1.7908
8 -1 Car -1 -1 -6.5800 557.9141 181.2138 664.5547 216.0446 1.4300 1.6215 4.4066 0.0019 1.8137 31.7256 -6.5806 1.9175
8 -1 Car -1 -1 -4.5892 655.7991 179.8357 691.4858 207.2645 1.7049 1.8484 4.5653 4.2965 2.1974 48.5083 -4.5019 1.3673
8 -1 Cyclist -1 -1 -6.5514 699.4387 164.6456 810.3268 267.8609 1.7767 0.6265 1.8275 2.4988 1.6351 12.8065 -6.3641 0.9738
8 -1 Car -1 -1 -5.3618 325.4866 180.2736 391.3564 205.2128 1.4351 1.5949 4.2359 -15.5557 1.9107 44.4476 -5.6969 -0.3990
8 -1 Car -1 -1 -5.1482 941.2227 170.9973 991.3077 194.0683 1.5416 1.6032 3.9231 24.6818 1.4173 50.1903 -4.6938 -1.7261
8 -1 Car -1 -1 -6.4525 262.7125 179.3177 326.1608 202.6639 1.5079 1.5999 3.7529 -21.5512 1.9639 49.2397 -6.8633 -2.0663
8 -1 Car -1 -1 -4.7274 676.6451 182.7454 698.9399 204.4818 1.5444 1.6247 3.9706 5.8894 2.3287 55.1834 -4.6222 -2.1213
8 -1 Car -1 -1 -4.8509 1143.4188 170.8997 1182.8580 193.6846 1.4863 1.5945 3.8786 37.5892 1.3585 49.1491 -4.2011 -2.1910
9 -1 Cyclist -1 -1 -6.5504 713.7966 164.3187 824.3833 266.8251 1.7781 0.6318 1.8252 2.7674 1.6298 12.8875 -6.3446 2.3522
9 -1 Car -1 -1 -6.6616 568.7307 180.8252 674.3473 215.7407 1.4408 1.6471 4.3909 0.4707 1.8115 32.0347 -6.6477 2.0440
9 -1 Car -1 -1 -4.5865 656.6385 179.6359 691.8704 207.1888 1.7166 1.8155 4.4947 4.3370 2.1948 48.5175 -4.4985 1.0173
9 -1 Car -1 -1 -5.3739 323.3094 180.5586 386.5625 205.2745 1.4288 1.5758 3.9680 -15.7933 1.9225 44.5275 -5.7131 -0.4595
9 -1 Car -1 -1 -4.7197 292.8502 177.8642 319.1589 201.5725 1.5623 1.6374 3.6768 -21.2772 1.9260 50.4087 -5.1175 -1.2644
9 -1 Car -1 -1 -4.7973 675.4512 182.9223 701.1404 204.7573 1.5530 1.6187 3.8230 5.9081 2.3475 55.0262 -4.6915 -1.4306
9 -1 Car -1 -1 -7.4238 315.9726 177.8259 360.4162 199.8466 1.5329 1.5934 3.8597 -19.9767 1.9122 53.1042 -7.7822 -1.6602
9 -1 Cyclist -1 -1 -2.4354 460.4249 177.1344 490.5140 208.9842 1.7903 0.6672 1.6640 -7.7682 2.0401 41.4519 -2.6200 -2.1646
10 -1 Cyclist -1 -1 -6.6363 731.8052 164.3669 843.6987 266.3904 1.7705 0.6265 1.8470 3.1195 1.6229 12.9452 -6.4061 2.7063
10 -1 Car -1 -1 -6.7107 580.8715 180.6925 684.5496 215.4190 1.4407 1.6392 4.3444 0.9789 1.8082 32.2538 -6.6813 2.0888
10 -1 Car -1 -1 -4.5621 656.6690 179.8068 692.6202 206.3512 1.6542 1.7790 4.3721 4.3625 2.1440 48.5230 -4.4735 1.2318
10 -1 Car -1 -1 -5.3601 326.4662 180.4400 390.0875 205.2243 1.4288 1.5713 4.0593 -15.5682 1.9147 44.4646 -5.6953 -0.5652
10 -1 Car -1 -1 -4.8039 292.4902 178.8156 322.4736 202.1973 1.5372 1.6055 3.6730 -21.2110 1.9703 50.4539 -5.2003 -1.5017
10 -1 Car -1 -1 -5.0811 944.4630 171.2017 991.1861 194.2882 1.5401 1.6029 3.8805 24.7666 1.4295 50.1351 -4.6249 -1.8872
11 -1 Cyclist -1 -1 -6.6528 747.5323 163.2072 858.4830 265.8248 1.7857 0.6557 1.8158 3.4039 1.6176 12.9901 -6.4031 2.6565
11 -1 Car -1 -1 -6.7834 593.4346 180.8165 694.3760 214.9607 1.4225 1.6063 4.3002 1.5007 1.7993 32.5038 -6.7383 2.0653
11 -1 Car -1 -1 -4.6844 662.3723 180.6946 688.6511 204.9542 1.5101 1.6490 4.2019 4.4080 2.0607 48.5089 -4.5948 0.4166
11 -1 Car -1 -1 -2.2595 318.7640 180.3135 384.2032 205.3176 1.4554 1.6058 4.0639 -16.0885 1.9358 44.7623 -2.6030 -0.8298
11 -1 Car -1 -1 -7.1517 365.8530 179.9996 426.9398 205.5138 1.4533 1.5415 3.7367 -13.0760 1.9112 44.2507 -7.4377 -1.4150
11 -1 Car -1 -1 -3.2163 258.5383 179.1424 322.6055 202.3412 1.5023 1.6166 3.8899 -21.8211 1.9454 49.2382 -3.6317 -1.4254
12 -1 Cyclist -1 -1 -6.6636 766.1706 162.9989 877.3092 265.5650 1.7934 0.6201 1.8261 3.7510 1.6208 13.0221 -6.3902 2.4339
12 -1 Car -1 -1 -6.8674 603.8950 180.2993 702.2781 214.8541 1.4504 1.6318 4.2813 1.9438 1.8073 32.8347 -6.8094 2.0360
12 -1 Pedestrian -1 -1 -3.5915 597.0879 178.4851 615.2346 210.6160 1.6802 0.5078 0.8238 -0.2431 1.9819 38.2851 -3.5984 0.2736
12 -1 Car -1 -1 -4.8791 662.3745 180.1649 694.4182 203.2251 1.4658 1.5494 3.7944 4.5766 1.9823 49.0500 -4.7871 -1.3463
12 -1 Car -1 -1 -5.3835 321.9028 179.9825 389.4008 205.0846 1.4532 1.6406 4.2681 -15.7913 1.9120 44.6394 -5.7219 -1.5408
12 -1 Pedestrian -1 -1 -8.0066 649.3575 166.2694 657.7717 190.9112 1.8947 0.5176 0.9095 3.3479 1.3881 55.9549 -7.9475 -1.6781
12 -1 Car -1 -1 -4.4214 314.2936 179.1845 352.3183 201.2816 1.5299 1.5873 3.7800 -20.3078 2.0118 53.0127 -4.7858 -1.8967
12 -1 Car -1 -1 -5.0802 913.2634 172.8443 955.9058 194.0636 1.5594 1.6150 4.0259 24.6879 1.5584 55.0783 -4.6612 -1.9628
12 -1 Pedestrian -1 -1 -2.2208 342.7151 176.2023 359.1640 202.8856 1.6802 0.6746 0.7454 -16.5636 1.8958 46.0408 -2.5646 -2.1296
13 -1 Cyclist -1 -1 -6.7565 783.8420 162.4086 893.6622 264.9810 1.7927 0.6356 1.8107 4.0823 1.6098 13.0839 -6.4614 2.5124
13 -1 Car -1 -1 -6.8996 615.9327 179.9921 712.4397 214.5724 1.4693 1.6402 4.2693 2.4789 1.8154 33.2089 -6.8264 2.1281
13 -1 Pedestrian -1 -1 -3.7364 595.3523 179.9215 614.4423 211.5604 1.6522 0.5860 0.8290 -0.3102 2.0324 38.3680 -3.7450 0.6679
13 -1 Car -1 -1 -5.3941 321.6859 180.0313 388.3325 205.1992 1.4614 1.6293 4.1710 -15.8498 1.9235 44.6993 -5.7333 -1.4478
13 -1 Car -1 -1 -5.1255 657.2706 178.5903 700.1523 201.5131 1.4640 1.5326 3.7152 4.5972 1.8698 49.0882 -5.0331 -1.5120
13 -1 Car -1 -1 -5.1801 942.8322 171.3680 992.5099 194.0564 1.5153 1.5967 3.6565 24.7053 1.4158 50.0286 -4.7240 -1.5165
13 -1 Car -1 -1 -7.8978 290.8480 178.3549 318.2538 201.7775 1.5431 1.6063 3.7115 -21.4369 1.9432 50.5048 -8.2976 -1.7373
13 -1 Car -1 -1 -4.9726 1115.9086 166.8802 1163.3195 192.3772 1.5959 1.5780 3.7235 34.5340 1.2217 47.1845 -4.3440 -2.0206
13 -1 Cyclist -1 -1 -4.7911 461.6962 172.2671 475.1125 202.0542 1.8498 0.7005 1.7168 -9.0150 1.8131 45.7293 -4.9850 -2.0823
14 -1 Car -1 -1 -6.9759 628.0776 180.0439 721.7296 214.3921 1.4718 1.6407 4.2873 3.0162 1.8252 33.6026 -6.8878 2.1991
14 -1 Cyclist -1 -1 -6.7164 805.6810 163.7101 916.3675 264.5175 1.7780 0.6260 1.8101 4.5002 1.6164 13.1373 -6.3941 2.0798
14 -1 Pedestrian -1 -1 -3.4159 593.3085 180.0067 611.7897 211.8453 1.6720 0.4536 0.8933 -0.4363 2.0556 38.3891 -3.4279 0.3649
14 -1 Car -1 -1 -5.4486 324.8860 179.9342 393.7075 205.0868 1.4563 1.6131 4.1856 -15.4947 1.9090 44.4530 -5.7824 -1.7669
14 -1 Car -1 -1 -7.9487 289.0499 178.8756 318.9200 202.2528 1.5393 1.5922 3.5937 -21.4656 1.9767 50.4801 -8.3491 -1.9348
14 -1 Car -1 -1 -5.1796 940.8889 170.5242 992.4672 194.1310 1.5776 1.6141 3.9094 24.7059 1.4216 50.1828 -4.7248 -2.0915
14 -1 Cyclist -1 -1 -2.5536 458.2464 176.9347 490.5410 209.2490 1.8100 0.6969 1.7154 -7.7873 2.0466 41.2363 -2.7395 -2.1814
15 -1 Car -1 -1 -7.0445 638.7010 179.6248 728.3783 213.8758 1.4856 1.6481 4.2448 3.4667 1.8228 34.0212 -6.9444 1.9844
15 -1 Cyclist -1 -1 -6.7742 819.5406 165.3892 930.4990 264.3839 1.7539 0.6269 1.8351 4.7928 1.6213 13.2319 -6.4347 1.4893
15 -1 Pedestrian -1 -1 -3.2252 591.1255 180.1187 608.0023 211.4326 1.6492 0.4732 0.8609 -0.5965 2.0384 38.4087 -3.2412 0.6984
15 -1 Car -1 -1 -5.4299 320.5779 179.7553 386.5993 204.9714 1.4724 1.5960 4.0392 -15.9479 1.9162 44.7412 -5.7708 -1.9350
15 -1 Car -1 -1 -7.8395 295.3953 178.8383 321.1568 202.1846 1.5381 1.6076 3.4842 -21.0867 1.9719 50.4332 -8.2340 -1.9576
15 -1 Car -1 -1 -5.2647 444.6466 178.1122 500.3308 205.6324 1.5415 1.5655 3.6702 -8.2660 1.8684 43.0175 -5.4538 -2.0489
15 -1 Car -1 -1 -5.1723 944.0923 171.1473 993.7892 193.8637 1.5111 1.6137 3.6351 24.6879 1.3973 49.8168 -4.7148 -2.0752
16 -1 Cyclist -1 -1 -6.7158 834.8792 164.9579 947.9023 263.6904 1.7658 0.5989 1.8601 5.1039 1.6243 13.2720 -6.3570 2.2362
16 -1 Car -1 -1 -7.0964 648.3983 179.4606 733.4109 212.7827 1.4626 1.6234 4.1524 3.8599 1.7954 34.4107 -6.9862 1.4994
16 -1 Pedestrian -1 -1 -3.2407 589.0545 179.6869 606.4708 211.0067 1.6449 0.6345 0.8676 -0.6935 2.0120 38.4216 -3.2592 0.2762
16 -1 Car -1 -1 -5.3719 325.5653 180.3879 390.0538 205.2552 1.4341 1.5811 4.0836 -15.5951 1.9166 44.4613 -5.7077 -0.4084
16 -1 Car -1 -1 -4.8945 286.9590 178.8039 322.4519 202.1750 1.5374 1.6431 3.7100 -21.4193 1.9699 50.4847 -5.2942 -1.3899
16 -1 Car -1 -1 -4.9745 1114.2833 166.7906 1162.6492 192.4281 1.6049 1.6053 3.8082 34.4920 1.2250 47.2334 -4.3469 -1.5451
16 -1 Car -1 -1 -5.1818 941.4131 172.0437 991.6898 194.5499 1.5047 1.5887 3.7622 24.6765 1.4502 50.1324 -4.7270 -1.9824
16 -1 Car -1 -1 -8.2585 644.6262 175.7615 689.1232 200.3451 1.6229 1.6597 3.9531 3.8822 1.8338 50.2776 -8.1824 -2.1254
17 -1 Cyclist -1 -1 -6.7409 854.3264 164.3505 965.9437 262.3310 1.7615 0.6261 1.8213 5.4821 1.6084 13.3541 -6.3600 2.7691
17 -1 Car -1 -1 -7.1659 658.0490 179.1802 741.7502 212.3851 1.4771 1.6633 4.3253 4.3700 1.8020 34.9885 -7.0432 0.7895
17 -1 Pedestrian -1 -1 -3.3077 585.6623 180.3009 603.0339 211.6955 1.6507 0.4508 0.8606 -0.8731 2.0497 38.3840 -3.3309 0.2553
17 -1 Car -1 -1 -5.3931 324.5674 180.2944 391.7508 205.1313 1.4316 1.5951 4.2415 -15.5734 1.9083 44.4596 -5.7285 -0.3950
17 -1 Car -1 -1 -3.2068 260.2280 179.5722 323.7893 202.7959 1.5033 1.6071 3.8749 -21.7257 1.9765 49.2417 -3.6206 -1.5250
17 -1 Car -1 -1 -5.1468 941.0872 171.1561 991.5862 194.0433 1.5285 1.6134 3.9710 24.6843 1.4148 50.1883 -4.6923 -1.5324
17 -1 Car -1 -1 -4.4229 650.4852 181.7408 692.0900 206.2661 1.5179 1.6484 4.2641 4.1442 2.1444 48.6000 -4.3389 -2.1307
18 -1 Cyclist -1 -1 -6.7633 871.3372 164.5607 982.4317 261.7741 1.7528 0.6348 1.8028 5.8111 1.6029 13.3975 -6.3629 2.5955
18 -1 Car -1 -1 -7.2171 669.0065 179.3891 747.4268 212.5822 1.4988 1.6585 4.1906 4.8393 1.8387 35.4797 -7.0833 0.5488
18 -1 Car -1 -1 -4.5680 653.4901 180.0185 688.8036 206.8260 1.6651 1.7388 4.5174 4.1263 2.1702 48.4962 -4.4842 0.3384
18 -1 Pedestrian -1 -1 -3.3796 584.1506 181.9401 599.4806 212.2708 1.5931 0.4527 0.7289 -1.0078 2.0803 38.4004 -3.4062 0.1742
18 -1 Car -1 -1 -5.3995 325.7487 180.7766 389.8645 205.5223 1.4287 1.5628 3.9747 -15.5880 1.9352 44.4510 -5.7353 -0.1928
18 -1 Car -1 -1 -4.8257 288.2385 178.1645 320.1443 201.8150 1.5561 1.6356 3.8027 -21.4432 1.9422 50.4545 -5.2259 -1.6998
18 -1 Car -1 -1 -7.4032 315.5744 178.1110 361.0881 200.1133 1.5283 1.5963 3.8885 -19.9601 1.9295 53.0898 -7.7614 -1.7611
18 -1 Car -1 -1 -5.1326 942.9440 171.8361 991.1080 194.4419 1.5103 1.6069 3.7166 24.6907 1.4420 50.0901 -4.6773 -2.0477
19 -1 Cyclist -1 -1 -6.7375 889.1927 163.9077 1001.0974 260.4831 1.7514 0.6364 1.7951 6.1632 1.5889 13.4332 -6.3164 2.3742
19 -1 Car -1 -1 -7.2710 677.7744 179.9260 751.5076 212.0572 1.4685 1.6300 4.1483 5.2308 1.8414 35.9892 -7.1284 1.4914
19 -1 Car -1 -1 -4.5653 654.2337 179.7783 690.8229 206.7410 1.6718 1.7905 4.6659 4.2216 2.1606 48.4866 -4.4795 0.9597
19 -1 Pedestrian -1 -1 -3.2526 581.3895 180.9239 597.7743 211.9760 1.6351 0.4385 0.8277 -1.1275 2.0675 38.4115 -3.2824 -0.3547
19 -1 Car -1 -1 -5.4053 321.7043 180.2419 387.0252 205.1924 1.4459 1.5847 4.0432 -15.8330 1.9192 44.5451 -5.7452 -0.7912
19 -1 Car -1 -1 -5.0430 1110.1130 166.7507 1162.3650 191.9516 1.5807 1.6002 3.8154 34.4015 1.1976 47.3165 -4.4175 -1.8364
19 -1 Car -1 -1 -8.2874 543.2225 183.0185 596.4036 212.2732 1.4697 1.5819 3.4834 -2.2800 2.0525 39.4840 -8.3453 -1.8926
19 -1 Car -1 -1 -8.2955 914.4499 171.2572 960.6309 192.1992 1.5518 1.6575 4.0319 25.1002 1.4332 55.4964 -7.8730 -2.0367
19 -1 Car -1 -1 -5.1343 942.6274 171.6907 991.1906 194.4958 1.5235 1.5872 3.8158 24.7032 1.4455 50.1361 -4.6792 -2.0479
19 -1 Car -1 -1 -7.4454 316.1960 177.3820 360.2481 200.1168 1.5849 1.6153 3.8931 -19.9633 1.9301 53.0753 -7.8037 -2.1659
20 -1 Cyclist -1 -1 -6.8522 906.2544 163.5411 1017.0465 261.0102 1.7685 0.6310 1.8190 6.5211 1.5993 13.5219 -6.4121 2.1415
20 -1 Car -1 -1 -7.3037 685.1910 179.8517 755.9797 211.5842 1.4753 1.6568 4.0910 5.6154 1.8500 36.5692 -7.1531 2.0405
20 -1 Car -1 -1 -4.6452 656.3623 180.0624 688.6146 206.9866 1.6743 1.8643 4.6182 4.2236 2.1837 48.5914 -4.5596 1.3409
20 -1 Pedestrian -1 -1 -3.3103 577.8771 180.4719 595.2435 212.0648 1.6606 0.4580 0.8581 -1.2874 2.0689 38.3866 -3.3442 0.8294
20 -1 Car -1 -1 -2.3326 333.8616 180.0483 399.6246 205.0831 1.4461 1.5916 3.8640 -14.9473 1.9026 44.2053 -2.6572 -1.4863
20 -1 Car -1 -1 -2.2804 270.3267 178.6770 325.4428 201.7964 1.5301 1.5874 3.5338 -21.6590 1.9453 49.9920 -2.6876 -1.6112
20 -1 Cyclist -1 -1 -2.6649 452.7506 171.3768 482.4614 201.6164 1.8892 0.7016 1.7136 -9.0420 1.7967 45.6541 -2.8597 -1.9463
20 -1 Cyclist -1 -1 -6.2601 319.7832 177.4857 344.5087 202.5034 1.7592 0.6666 1.6334 -19.8695 2.0936 51.5441 -6.6266 -1.9629
21 -1 Car -1 -1 -7.3609 693.3170 179.4853 760.7974 211.1311 1.4970 1.6628 4.1727 6.0499 1.8585 37.2020 -7.2015 2.0972
21 -1 Car -1 -1 -4.6082 656.2561 180.3457 689.8502 207.1514 1.6638 1.8005 4.4478 4.2486 2.1910 48.4549 -4.5218 2.0038
21 -1 Pedestrian -1 -1 -3.4178 574.6871 179.3673 592.4851 211.4665 1.6811 0.6476 0.7994 -1.4465 2.0313 38.3945 -3.4558 0.7970
21 -1 Cyclist -1 -1 -6.8294 925.6669 162.9981 1036.4292 259.1581 1.7549 0.6383 1.7846 6.9016 1.5748 13.5618 -6.3681 0.4828
21 -1 Car -1 -1 -5.4652 326.0133 179.7052 396.0728 204.8780 1.4591 1.6176 4.2431 -15.3877 1.8971 44.4570 -5.7969 -1.4093
21 -1 Car -1 -1 -4.7486 682.4089 182.9810 705.2582 204.9224 1.5526 1.5789 3.5981 6.2884 2.3450 54.6238 -4.6352 -1.4506
21 -1 Car -1 -1 -4.5017 315.5146 179.1492 349.5557 201.0180 1.5078 1.5692 3.7800 -20.3178 1.9862 52.8800 -4.8671 -2.0176
21 -1 Pedestrian -1 -1 -2.3238 342.7267 176.4961 359.0875 203.0502 1.6718 0.6455 0.7474 -16.5542 1.9060 46.0099 -2.6676 -2.0610
21 -1 Car -1 -1 -3.1260 258.1815 179.0726 319.9475 202.1858 1.5046 1.5995 3.7953 -21.8878 1.9414 49.2416 -3.5425 -2.1850
22 -1 Car -1 -1 -7.4163 700.9277 179.3611 764.3337 210.8066 1.5097 1.6546 4.1941 6.4313 1.8696 37.7462 -7.2494 2.3448
22 -1 Cyclist -1 -1 -6.8865 937.2607 162.8943 1047.4718 258.7567 1.7608 0.6071 1.8314 7.1777 1.5776 13.6725 -6.4127 2.1239
22 -1 Car -1 -1 -4.5637 654.9720 180.0311 692.2214 207.5835 1.7116 1.8582 4.4485 4.2875 2.2169 48.4432 -4.4765 1.6682
22 -1 Car -1 -1 -5.3778 325.2237 180.6567 390.5106 205.3683 1.4236 1.5786 4.1426 -15.5961 1.9235 44.4733 -5.7135 -0.1984
22 -1 Pedestrian -1 -1 -3.5072 573.4576 180.2365 590.7880 211.5791 1.6435 0.4436 0.8160 -1.5217 2.0395 38.3708 -3.5472 -0.2130
22 -1 Car -1 -1 -4.7868 674.2098 182.0215 700.2347 204.2876 1.5773 1.6590 4.0531 5.8049 2.3000 54.8526 -4.6825 -1.5621
22 -1 Car -1 -1 -4.9453 284.9002 179.2159 323.3217 202.3396 1.5170 1.6473 3.7757 -21.4466 1.9792 50.4498 -5.3456 -1.6660
23 -1 Cyclist -1 -1 -6.9210 955.0754 162.5755 1065.3267 258.5992 1.7673 0.6493 1.8120 7.5480 1.5778 13.7317 -6.4281 2.6134
23 -1 Car -1 -1 -7.4673 707.6451 178.5990 767.2855 210.3049 1.5580 1.6917 4.1658 6.8121 1.8817 38.4722 -7.2939 2.4443
23 -1 Car -1 -1 -4.5896 655.5926 179.4660 691.3768 207.4923 1.7472 1.8629 4.5225 4.2869 2.2137 48.5239 -4.5026 1.6064
23 -1 Pedestrian -1 -1 -3.2587 570.4675 179.6359 587.3069 211.8796 1.6953 0.4917 0.8424 -1.6957 2.0587 38.3786 -3.3032 0.9946
23 -1 Car -1 -1 -4.8039 674.2739 181.3512 701.2421 203.3909 1.5722 1.6700 4.0843 5.8717 2.2450 55.1059 -4.6989 -1.3493
23 -1 Car -1 -1 -2.2865 334.0733 179.6250 399.0137 204.9039 1.4598 1.6145 3.8956 -14.9790 1.8906 44.2508 -2.6113 -1.9120
23 -1 Car -1 -1 -2.1355 270.8690 178.1310 324.4086 201.6674 1.5529 1.6323 3.8060 -21.7509 1.9321 50.1365 -2.5431 -1.9190
23 -1 Pedestrian -1 -1 -3.1936 1147.0256 164.5137 1160.6262 192.5894 1.7565 0.6016 0.6530 34.3099 1.2344 45.5727 -2.5515 -2.0466
23 -1 Car -1 -1 -5.3897 925.6798 171.1420 979.3641 193.2352 1.5407 1.5815 3.6251 24.7226 1.4210 52.2664 -4.9503 -2.0709
24 -1 Car -1 -1 -7.5034 714.1283 179.3069 770.9860 209.7854 1.5178 1.6685 4.2960 7.2140 1.8881 39.1690 -7.3231 2.7331
24 -1 Cyclist -1 -1 -6.9328 970.9441 162.7109 1080.8595 257.1742 1.7506 0.6503 1.8062 7.8972 1.5623 13.8198 -6.4235 2.6549
24 -1 Car -1 -1 -4.6330 656.9329 179.8350 689.1503 207.4185 1.7194 1.8168 4.4409 4.2507 2.2111 48.5020 -4.5466 1.9224
24 -1 Pedestrian -1 -1 -3.4833 567.1295 179.1357 585.0637 211.4816 1.6903 0.7460 0.7452 -1.8447 2.0284 38.3807 -3.5316 1.0385
24 -1 Car -1 -1 -2.3009 325.8058 179.8156 394.9995 204.9545 1.4544 1.6135 4.2371 -15.4236 1.8996 44.4402 -2.6335 -1.1972
24 -1 Car -1 -1 -3.1405 259.2054 179.6566 320.1999 202.6506 1.4938 1.5832 3.7485 -21.8515 1.9716 49.2293 -3.5565 -1.7067
24 -1 Car -1 -1 -4.7076 681.6343 182.1405 703.7330 204.3461 1.5717 1.6071 3.7946 6.2435 2.3010 54.7045 -4.5951 -1.9237
24 -1 Pedestrian -1 -1 -2.4188 342.5197 176.5081 359.1545 203.0115 1.6690 0.6224 0.7819 -16.5515 1.9038 45.9909 -2.7627 -2.1818
25 -1 Car -1 -1 -7.5542 719.0080 180.6602 771.5075 209.0558 1.4282 1.6442 4.3609 7.4933 1.8843 39.8746 -7.3703 2.5777
25 -1 Cyclist -1 -1 -6.9311 987.0109 160.7584 1099.3025 256.5579 1.7835 0.6199 1.8596 8.2471 1.5580 13.8526 -6.4040 2.5363
25 -1 Car -1 -1 -4.5822 655.4661 180.0442 691.2759 207.5873 1.7122 1.8348 4.4971 4.2764 2.2190 48.4969 -4.4953 1.5708
25 -1 Pedestrian -1 -1 -3.3742 566.2936 180.1791 583.3555 212.2561 1.6790 0.6413 0.7786 -1.9118 2.0725 38.3735 -3.4243 0.2526
25 -1 Cyclist -1 -1 -6.2619 295.4545 175.4336 323.2220 202.2125 1.7956 0.6562 1.7313 -20.4890 1.9732 49.1216 -6.6555 -1.0853
25 -1 Car -1 -1 -5.3935 326.7551 179.6127 394.9151 204.9320 1.4581 1.6245 4.2856 -15.3712 1.8903 44.3499 -5.7256 -1.6840
25 -1 Car -1 -1 -4.6767 680.9656 182.7520 703.9144 205.0995 1.5786 1.6017 3.7686 6.2496 2.3560 54.7073 -4.5641 -1.7634
25 -1 Car -1 -1 -4.5335 317.0972 179.1348 349.9643 201.0603 1.5126 1.5873 3.8724 -20.2918 1.9915 53.0021 -4.8978 -1.8203
25 -1 Car -1 -1 -6.6045 956.9890 169.4135 1021.5566 192.5074 1.5242 1.5972 3.5301 25.5129 1.2968 48.6888 -6.1246 -1.8247
25 -1 Pedestrian -1 -1 -2.1664 342.9641 176.4052 359.1131 203.0020 1.6732 0.6585 0.7566 -16.5473 1.9018 46.0116 -2.5101 -1.8373
25 -1 Car -1 -1 -4.9437 1138.9912 170.5175 1184.1530 193.0148 1.4713 1.5746 3.9338 37.5922 1.3182 49.3048 -4.2954 -2.0973
26 -1 Cyclist -1 -1 -6.9262 1004.9160 159.3426 1120.3474 255.7945 1.8034 0.6364 1.8874 8.6469 1.5504 13.8983 -6.3797 2.3568
26 -1 Car -1 -1 -7.5983 724.0689 179.9415 772.1151 208.5247 1.4697 1.6252 4.2916 7.7705 1.8898 40.5201 -7.4107 2.2816
26 -1 Car -1 -1 -4.5786 655.1410 179.6771 690.7805 207.5995 1.7383 1.8088 4.4841 4.2460 2.2189 48.4695 -4.4923 1.7395
26 -1 Pedestrian -1 -1 -4.0669 562.7997 179.9791 579.5211 211.6295 1.6541 0.4977 0.8173 -2.1035 2.0377 38.4012 -4.1218 -0.7998
26 -1 Car -1 -1 -4.7825 674.6448 181.8686 700.4378 204.1994 1.5847 1.6611 4.0426 5.8353 2.2960 54.9063 -4.6777 -1.5254
26 -1 Cyclist -1 -1 -4.8776 344.7266 175.5172 357.9612 202.3750 1.6840 0.5394 1.6231 -16.6181 1.8575 46.2478 -5.2211 -1.8086
26 -1 Car -1 -1 -2.2004 334.4402 179.9211 395.8969 204.9115 1.4375 1.5985 3.8711 -15.0775 1.8881 44.2731 -2.5271 -1.9860
26 -1 Car -1 -1 -2.8876 260.5847 178.9669 325.5060 201.7120 1.5095 1.6427 3.7941 -21.7656 1.9387 49.5898 -3.2995 -2.1860
27 -1 Car -1 -1 -7.6331 729.7670 180.3761 773.7259 209.0643 1.5053 1.6294 4.0109 8.0947 1.9567 41.1590 -7.4409 2.0179
27 -1 Car -1 -1 -4.6101 655.6619 179.6079 689.8438 207.6313 1.7476 1.8468 4.4899 4.2356 2.2238 48.5214 -4.5241 1.6206
27 -1 Cyclist -1 -1 -6.9495 1022.0180 161.4621 1133.7271 256.0749 1.7771 0.6420 1.8139 8.9854 1.5628 13.9665 -6.3880 1.2299
27 -1 Pedestrian -1 -1 -3.1611 560.5413 179.6917 574.3619 211.2874 1.6608 0.5723 0.7218 -2.3043 2.0272 38.3777 -3.2212 -0.4390
27 -1 Pedestrian -1 -1 -2.0936 343.0730 176.2559 358.5685 202.9673 1.6802 0.6429 0.7469 -16.5567 1.8991 45.9979 -2.4375 -1.6619
27 -1 Car -1 -1 -4.6868 681.2158 182.7892 703.6727 205.1335 1.5785 1.6024 3.7670 6.2492 2.3586 54.7044 -4.5743 -1.7739
27 -1 Car -1 -1 -2.3632 341.4525 179.5656 411.5586 205.0204 1.4592 1.6078 4.1110 -14.2417 1.8822 43.8692 -2.6756 -2.1239
27 -1 Car -1 -1 -4.3220 318.0269 180.0488 360.1964 201.9221 1.5133 1.5702 3.8143 -19.9182 2.0619 53.1212 -4.6794 -2.1286
28 -1 Cyclist -1 -1 -6.9501 1037.0045 162.3539 1149.0117 255.0445 1.7560 0.6180 1.8330 9.3408 1.5567 14.0598 -6.3739 2.2233
28 -1 Car -1 -1 -7.6487 732.9562 179.4375 776.3588 208.2769 1.5498 1.6852 4.0977 8.4310 1.9530 42.0015 -7.4525 1.9136
28 -1 Car -1 -1 -4.6292 656.4988 179.8483 689.2192 207.6509 1.7338 1.8354 4.4397 4.2403 2.2265 48.5173 -4.5431 1.8489
28 -1 Pedestrian -1 -1 -3.4022 555.4792 179.5022 573.4480 211.8255 1.6929 0.6209 0.8212 -2.4635 2.0502 38.3890 -3.4664 0.6427
28 -1 Car -1 -1 -2.3472 333.6581 179.5470 400.5000 204.6089 1.4500 1.5947 3.9153 -14.9231 1.8745 44.1966 -2.6713 -1.1708
28 -1 Car -1 -1 -3.1249 262.0200 179.3975 321.8917 202.5719 1.5088 1.5711 3.6839 -21.6839 1.9679 49.2232 -3.5381 -1.2695
28 -1 Car -1 -1 -4.7772 675.4745 182.2118 700.8135 204.4975 1.5791 1.6477 4.0298 5.8805 2.3173 54.8932 -4.6716 -1.7613
28 -1 Pedestrian -1 -1 -2.4119 342.5737 176.5672 359.2188 203.1185 1.6719 0.6223 0.7834 -16.5479 1.9105 45.9912 -2.7557 -2.1427
29 -1 Cyclist -1 -1 -6.9949 1051.6825 160.9097 1162.2855 254.4153 1.7742 0.6371 1.8166 9.6545 1.5472 14.1173 -6.4053 2.6135
29 -1 Car -1 -1 -7.6711 734.4669 178.6813 774.9187 206.9593 1.5549 1.6475 4.0628 8.5851 1.9177 42.7697 -7.4748 1.9997
29 -1 Car -1 -1 -4.5847 655.2250 179.7607 691.2541 207.0328 1.6962 1.8609 4.4855 4.2658 2.1827 48.4748 -4.4980 1.6519
29 -1 Pedestrian -1 -1 -2.9043 553.7455 179.9934 572.4269 212.5559 1.7115 0.4836 0.9037 -2.5320 2.0941 38.3785 -2.9703 1.0957
29 -1 Car -1 -1 -5.3630 323.6798 180.8108 387.8305 205.8400 1.4431 1.5886 4.0776 -15.7427 1.9534 44.5204 -5.7013 -0.8948
29 -1 Car -1 -1 -3.2245 256.7275 179.4220 323.5688 202.9025 1.5159 1.6344 4.0482 -21.8353 1.9789 49.2108 -3.6404 -1.3331
29 -1 Car -1 -1 -4.7737 675.3274 182.5141 700.4020 204.8104 1.5766 1.6400 4.0186 5.8533 2.3378 54.8344 -4.6685 -1.9156
29 -1 Car -1 -1 -4.7788 1027.0924 168.6285 1058.0360 190.5176 1.4938 1.6068 4.0812 30.7518 1.2052 51.4248 -4.2426 -2.1587
30 -1 Cyclist -1 -1 -6.9867 1064.7308 161.0009 1175.4921 253.3697 1.7600 0.6449 1.7923 9.9398 1.5339 14.1602 -6.3849 2.5358
30 -1 Car -1 -1 -4.5553 655.0295 180.1369 692.7341 207.3498 1.6888 1.8527 4.4558 4.3067 2.2015 48.4404 -4.4678 1.6485
30 -1 Car -1 -1 -7.6855 738.2656 180.0784 775.7387 206.5526 1.4743 1.5906 3.8734 8.8492 1.9296 43.4162 -7.4863 1.5642
30 -1 Pedestrian -1 -1 -3.1266 551.8754 179.0790 568.9951 211.6469 1.7162 0.4855 0.9024 -2.6727 2.0494 38.3908 -3.1962 1.1443
30 -1 Car -1 -1 -5.3690 323.1751 180.2595 387.3598 205.1258 1.4369 1.5868 4.0592 -15.7709 1.9116 44.5173 -5.7079 -0.5324
30 -1 Car -1 -1 -4.7534 675.8771 182.0043 700.1916 204.0178 1.5629 1.6676 4.0545 5.8882 2.2869 55.0322 -4.6479 -1.1227
30 -1 Car -1 -1 -3.2384 259.9408 179.7271 324.0957 203.0463 1.5074 1.5991 3.8731 -21.7279 1.9920 49.2553 -3.6522 -1.2441
30 -1 Car -1 -1 -5.1211 943.8538 171.6868 991.9790 194.7103 1.5367 1.6194 3.7541 24.7428 1.4585 50.0722 -4.6648 -1.9309
30 -1 Cyclist -1 -1 -7.7322 769.2241 176.8703 779.5412 204.6261 1.6922 0.4210 1.7864 10.2606 1.9483 45.1651 -7.5107 -2.1221
31 -1 Cyclist -1 -1 -6.9516 1083.7168 159.4299 1199.6823 252.7045 1.7884 0.6189 1.8620 10.3801 1.5307 14.1877 -6.3304 2.6944
31 -1 Car -1 -1 -4.6318 656.7823 179.8613 689.2606 207.5026 1.7229 1.8297 4.4396 4.2496 2.2164 48.5023 -4.5455 1.7692
31 -1 Car -1 -1 -7.7045 740.7287 180.8882 776.9046 206.2874 1.4338 1.6062 3.9747 9.1269 1.9499 44.2292 -7.5029 1.5927
31 -1 Pedestrian -1 -1 -3.3578 549.2106 179.7689 566.4178 211.3369 1.6563 0.4631 0.8317 -2.8134 2.0267 38.3462 -3.4311 0.1999
31 -1 Car -1 -1 -2.3379 333.7090 179.4492 401.7028 204.7271 1.4604 1.6133 4.0149 -14.8827 1.8789 44.1851 -2.6613 -1.0957
31 -1 Car -1 -1 -4.7923 675.0817 182.2159 701.3059 204.5985 1.5873 1.6519 4.1202 5.8930 2.3275 54.9905 -4.6866 -1.6851
31 -1 Car -1 -1 -3.2098 259.1262 179.2433 321.0777 202.9360 1.5354 1.6133 3.7630 -21.8413 1.9849 49.2068 -3.6258 -2.0905
32 -1 Cyclist -1 -1 -6.9827 1099.5671 159.0197 1215.3938 251.7200 1.7838 0.6148 1.8777 10.7404 1.5173 14.2516 -6.3473 2.4342
32 -1 Car -1 -1 -7.7883 743.0067 181.2789 774.5714 206.6457 1.4615 1.6786 4.1994 9.3482 2.0164 45.3093 -7.5867 2.1799
32 -1 Car -1 -1 -4.5537 654.2570 179.5552 691.5889 207.3987 1.7306 1.8136 4.4893 4.2388 2.2021 48.3990 -4.4675 1.7229
32 -1 Pedestrian -1 -1 -3.3368 547.9866 180.2865 562.0368 211.4569 1.6372 0.5226 0.6561 -2.9667 2.0359 38.3997 -3.4140 0.5379
32 -1 Car -1 -1 -2.2951 326.1279 179.8241 395.6577 205.0926 1.4604 1.6222 4.2747 -15.3902 1.9062 44.4279 -2.6271 -1.2805
32 -1 Car -1 -1 -5.1362 941.2991 171.0474 992.1564 194.2522 1.5495 1.6400 4.0453 24.7283 1.4285 50.2264 -4.6813 -1.8475
32 -1 Car -1 -1 -4.7665 675.5527 182.5272 700.2818 204.8318 1.5770 1.6423 4.0221 5.8587 2.3395 54.8447 -4.6612 -1.9120
32 -1 Car -1 -1 -3.1732 258.7141 179.2457 320.8001 202.8386 1.5311 1.6167 3.8168 -21.8712 1.9807 49.2243 -3.5896 -1.9524
32 -1 Cyclist -1 -1 -4.2923 0.0000 179.2997 67.1776 284.9563 1.6313 0.5488 1.5517 -9.8161 1.7461 12.0602 -4.9648 -2.1594
33 -1 Cyclist -1 -1 -6.9384 1115.7297 160.2303 1235.4348 250.4665 1.7468 0.5994 1.9012 11.1086 1.5021 14.2712 -6.2874 2.4019
33 -1 Car -1 -1 -4.5991 655.6985 179.6269 691.0234 206.8856 1.6965 1.8655 4.6030 4.2825 2.1750 48.5615 -4.5122 1.8318
33 -1 Car -1 -1 -7.7679 744.3867 180.7916 776.2254 205.8430 1.4769 1.6568 4.0739 9.6097 2.0079 46.1124 -7.5643 1.7588
33 -1 Pedestrian -1 -1 -3.2318 543.0024 179.8882 561.5267 213.0517 1.7426 0.4867 0.9413 -3.1111 2.1195 38.3702 -3.3128 1.0250
33 -1 Car -1 -1 -5.4789 324.3140 180.7087 394.2672 205.7395 1.4481 1.6116 4.1977 -15.4949 1.9500 44.4608 -5.8127 -1.6573
33 -1 Car -1 -1 -4.8055 675.0086 181.6367 701.9504 203.6955 1.5723 1.6645 4.0438 5.9244 2.2672 55.0796 -4.6994 -1.6614
33 -1 Car -1 -1 -7.8951 290.4507 178.6829 317.3031 201.9855 1.5346 1.5837 3.5893 -21.4632 1.9578 50.4589 -8.2956 -2.0524
33 -1 Pedestrian -1 -1 -5.5181 1089.7205 204.8593 1149.0753 304.4290 1.1818 0.3748 0.4780 6.2984 1.5934 9.0129 -4.9242 -2.0953
34 -1 Cyclist -1 -1 -6.9440 1132.7838 157.5470 1241.0000 250.3967 1.8006 0.6337 1.8212 11.4586 1.5035 14.3131 -6.2793 2.0405
34 -1 Car -1 -1 -7.8026 746.0238 181.4708 774.4657 205.5681 1.4466 1.6222 3.8159 9.7504 2.0300 46.8311 -7.5991 1.9911
34 -1 Car -1 -1 -4.5745 656.6160 179.9253 692.2283 207.3978 1.7069 1.7898 4.4645 4.3401 2.2045 48.4293 -4.4862 1.8577
34 -1 Pedestrian -1 -1 -3.1565 540.7654 180.1962 558.8331 212.7097 1.7109 0.4548 0.9500 -3.2420 2.1038 38.3658 -3.2408 0.8705
34 -1 Car -1 -1 -2.2623 332.0547 179.9387 398.4555 205.0300 1.4421 1.6213 4.0870 -15.0554 1.8934 44.2295 -2.5889 -1.7006
34 -1 Car -1 -1 -4.7911 674.9254 182.2606 701.0974 204.5681 1.5813 1.6549 4.0717 5.8740 2.3240 54.9391 -4.6857 -1.7118
34 -1 Cyclist -1 -1 -4.9516 343.3870 176.3030 359.2595 203.0425 1.6731 0.6016 1.5713 -16.5949 1.8974 46.1789 -5.2951 -1.7876
34 -1 Car -1 -1 -5.0533 914.5128 172.8654 955.3765 194.0139 1.5539 1.6032 3.9412 24.7036 1.5545 55.0450 -4.6338 -2.0311
34 -1 Cyclist -1 -1 -3.6177 1186.9088 160.9212 1238.3492 200.9596 1.8559 0.7262 1.7181 28.3224 1.3025 33.9834 -2.9274 -2.1927
35 -1 Cyclist -1 -1 -6.9575 1147.4581 159.8109 1241.0000 250.4914 1.7614 0.6158 1.8162 11.7554 1.5077 14.3250 -6.2808 1.9799
35 -1 Car -1 -1 -4.5821 655.1565 179.4347 691.6964 207.4159 1.7447 1.8805 4.5424 4.2861 2.2092 48.5483 -4.4951 1.6166
35 -1 Car -1 -1 -7.8206 747.5092 180.6834 774.6564 205.3442 1.5114 1.6329 4.1620 10.0192 2.0543 47.8424 -7.6159 1.5201
35 -1 Pedestrian -1 -1 -2.9279 537.0111 180.3194 555.4621 211.8729 1.6595 0.4496 0.9027 -3.4264 2.0589 38.3582 -3.0170 1.3077
35 -1 Car -1 -1 -4.7755 675.3602 181.9423 700.8332 203.9038 1.5619 1.6692 4.0590 5.8972 2.2814 55.0847 -4.6700 -1.1386
35 -1 Car -1 -1 -5.4777 324.4785 179.5798 395.0035 204.9666 1.4733 1.6310 4.2293 -15.4656 1.9031 44.4557 -5.8110 -1.6068
35 -1 Car -1 -1 -5.3895 1160.0042 176.5277 1241.0000 205.6051 1.4642 1.6158 3.9989 31.8961 1.6719 38.8448 -4.7061 -1.7134
35 -1 Car -1 -1 -7.8861 1203.5222 168.8985 1241.0000 202.0755 1.5196 1.6082 3.9169 29.9076 1.3381 35.0824 -7.1845 -2.0934
35 -1 Pedestrian -1 -1 -6.2818 1147.3098 164.5193 1161.1460 192.3663 1.7412 0.5663 0.6937 34.3191 1.2197 45.5498 -5.6394 -2.1254
35 -1 Car -1 -1 -7.9431 289.0838 178.3109 318.9345 201.7910 1.5463 1.6011 3.6829 -21.4517 1.9427 50.4491 -8.3435 -2.1377
36 -1 Car -1 -1 -4.5974 655.9682 180.0865 691.3448 207.3411 1.6935 1.8710 4.4877 4.2944 2.2032 48.4869 -4.5101 1.9177
36 -1 Car -1 -1 -7.7883 747.9813 180.2297 776.1951 204.7926 1.5398 1.6113 4.0010 10.2584 2.0589 48.6630 -7.5822 1.5055
36 -1 Cyclist -1 -1 -7.0389 1160.9294 159.3693 1241.0000 250.5870 1.7692 0.6092 1.7908 12.0106 1.5073 14.3606 -6.3529 0.8381
36 -1 Pedestrian -1 -1 -2.8777 535.4550 181.1425 552.1891 212.2785 1.6350 0.4536 0.7950 -3.5529 2.0784 38.3343 -2.9701 0.3825
36 -1 Car -1 -1 -2.2522 319.1318 180.6622 384.9638 205.6750 1.4519 1.6110 4.1168 -16.0465 1.9548 44.7387 -2.5950 -0.5525
36 -1 Car -1 -1 -3.2474 257.7006 179.3110 324.2508 202.8506 1.5193 1.6370 4.0027 -21.7770 1.9746 49.2102 -3.6623 -1.4541
36 -1 Car -1 -1 -3.9692 364.6881 180.0653 426.4843 205.7945 1.4657 1.5257 3.7031 -13.1192 1.9273 44.2211 -4.2563 -1.7085
36 -1 Car -1 -1 -4.8034 674.9768 182.6424 701.0985 204.7610 1.5670 1.6183 3.8375 5.8585 2.3357 54.7565 -4.6979 -1.9813
37 -1 Car -1 -1 -4.5518 656.0074 179.9799 692.7516 207.7477 1.7257 1.7759 4.4330 4.3371 2.2270 48.4231 -4.4636 1.8942
37 -1 Car -1 -1 -7.7413 748.3185 180.4380 779.3094 204.2699 1.5190 1.6371 4.1530 10.5864 2.0639 49.6376 -7.5329 1.0193
37 -1 Cyclist -1 -1 -7.1027 1179.1561 161.1809 1241.0000 249.7735 1.7167 0.4684 1.7768 12.2522 1.4902 14.3221 -6.4056 0.4430
37 -1 Pedestrian -1 -1 -3.3191 536.4933 180.7839 546.0624 211.9105 1.6376 0.3956 0.4428 -3.6911 2.0614 38.3378 -3.4150 -0.0178
37 -1 Car -1 -1 -4.7821 674.6064 181.9672 700.3973 204.2405 1.5811 1.6638 4.0476 5.8370 2.3008 54.9502 -4.6773 -1.6467
37 -1 Cyclist -1 -1 -4.9550 343.3702 176.0821 359.2210 202.7736 1.6706 0.5980 1.5602 -16.5944 1.8805 46.1729 -5.2985 -1.8522
37 -1 Car -1 -1 -5.0521 914.1612 172.9970 955.4847 194.2176 1.5585 1.6135 4.0257 24.7122 1.5695 55.0889 -4.6328 -1.9949
37 -1 Car -1 -1 -2.2342 334.3119 179.8822 396.7110 204.7736 1.4343 1.5943 3.8492 -15.0530 1.8820 44.2710 -2.5605 -2.0510
38 -1 Pedestrian -1 -1 -3.0460 530.0623 180.8904 547.8131 212.8485 1.6840 0.4598 0.9002 -3.8148 2.1137 38.3693 -3.1450 1.5907
38 -1 Car -1 -1 -4.5662 655.2737 179.9169 692.5749 207.0039 1.6827 1.8594 4.5656 4.3189 2.1813 48.5308 -4.4786 1.5836
38 -1 Car -1 -1 -7.8311 750.6227 180.4545 774.5777 202.3475 1.4250 1.5593 3.8471 10.6644 1.9777 50.4398 -7.6244 0.5271
38 -1 Pedestrian -1 -1 -6.6305 1205.5438 170.8361 1241.0000 249.9225 1.5503 0.5237 0.5817 12.3751 1.5104 14.4894 -5.9341 -0.3750
38 -1 Car -1 -1 -4.7476 676.8793 182.3669 699.7789 204.1920 1.5472 1.5866 3.7252 5.8826 2.2937 54.7328 -4.6416 -1.0435
38 -1 Car -1 -1 -5.4406 324.5585 179.9700 393.5768 205.1454 1.4564 1.6156 4.2244 -15.5113 1.9117 44.4566 -5.7747 -1.4736
38 -1 Cyclist -1 -1 -2.6019 460.2756 179.4693 491.4734 211.6754 1.8121 0.6741 1.6501 -7.7412 2.1974 41.4493 -2.7859 -1.7591
38 -1 Car -1 -1 -5.1094 953.0176 170.4178 1004.8041 194.3182 1.5215 1.6263 4.0109 24.4298 1.3661 47.9899 -4.6413 -2.0062
39 -1 Car -1 -1 -4.6111 655.4972 179.2657 690.1352 207.4747 1.7600 1.8778 4.5197 4.2390 2.2119 48.5008 -4.5250 1.4205
39 -1 Car -1 -1 -7.7636 749.1244 181.2328 777.3979 203.1755 1.4498 1.6277 3.9808 10.9307 2.0719 51.4517 -7.5559 0.8693
39 -1 Pedestrian -1 -1 -3.1797 528.5718 180.3270 545.1518 212.4218 1.6862 0.4392 0.8593 -3.9244 2.0857 38.3158 -3.2816 0.8638
39 -1 Car -1 -1 -7.0226 1224.1635 169.3452 1241.0000 251.9948 1.4807 1.6016 3.9301 14.4147 1.4176 13.8358 -6.2276 -1.2444
39 -1 Car -1 -1 -4.7936 675.9026 182.7652 701.0983 204.8733 1.5689 1.5982 3.6495 5.8903 2.3453 54.7014 -4.6874 -1.4885
39 -1 Pedestrian -1 -1 -2.2825 342.7380 175.8071 359.3772 202.4483 1.6776 0.6467 0.7798 -16.5460 1.8675 46.0130 -2.6262 -1.6200
39 -1 Car -1 -1 -2.2496 327.7363 179.5083 395.0172 204.8153 1.4584 1.6216 4.2163 -15.3334 1.8837 44.3389 -2.5810 -1.7835
39 -1 Car -1 -1 -4.2657 316.2507 179.2050 361.3020 200.8590 1.4982 1.5824 3.8726 -19.9291 1.9828 53.0928 -4.6234 -2.0891
40 -1 Car -1 -1 -4.5754 655.2460 179.7617 692.0984 207.3017 1.7131 1.8687 4.5660 4.3022 2.2008 48.5378 -4.4880 1.5012
40 -1 Pedestrian -1 -1 -3.1080 525.8350 179.7175 540.3256 211.6086 1.6791 0.4195 0.7523 -4.1224 2.0457 38.3287 -3.2150 0.5731
40 -1 Car -1 -1 -7.6282 748.6188 181.3107 783.9700 202.9822 1.4558 1.6381 4.1097 11.3578 2.0955 52.4016 -7.4164 0.4358
40 -1 Car -1 -1 -4.7735 676.5939 182.0206 700.6623 203.7144 1.5413 1.5825 3.6875 5.9037 2.2601 54.7273 -4.6671 -1.3580
40 -1 Pedestrian -1 -1 -2.9708 563.0619 177.4487 575.8254 211.7961 1.7811 0.6749 0.5636 -2.1656 2.0244 37.8817 -3.0281 -1.3639
40 -1 Car -1 -1 -5.4816 324.2303 179.8335 394.5905 205.0024 1.4611 1.6279 4.2119 -15.4977 1.9073 44.4914 -5.8153 -1.6989
40 -1 Car -1 -1 -7.9731 287.9054 178.4595 318.9585 202.0330 1.5540 1.5873 3.5511 -21.4783 1.9604 50.4195 -8.3742 -1.9105
40 -1 Cyclist -1 -1 -4.8241 461.2563 172.5000 475.5146 202.2088 1.8448 0.6983 1.7195 -9.0165 1.8225 45.7295 -5.0181 -2.0860
40 -1 Car -1 -1 -4.3594 335.0915 170.5532 383.5516 199.2931 1.8268 1.6991 4.1782 -16.6292 1.6803 47.9701 -4.6917 -2.0881
41 -1 Car -1 -1 -4.6160 656.2247 179.4120 690.5117 207.0574 1.7234 1.8691 4.6213 4.2839 2.1868 48.5800 -4.5291 1.7659
41 -1 Pedestrian -1 -1 -2.8345 522.3172 179.7949 536.9553 211.3081 1.6561 0.4334 0.6734 -4.3051 2.0270 38.3181 -2.9462 0.5022
41 -1 Car -1 -1 -7.7876 749.2691 181.2304 775.2134 202.0061 1.4269 1.6315 3.8476 11.2455 2.0694 53.2983 -7.5813 0.2900
41 -1 Car -1 -1 -5.4136 321.1078 180.1523 389.2875 205.2039 1.4533 1.6320 4.2375 -15.8269 1.9228 44.6698 -5.7525 -1.6099
41 -1 Cyclist -1 -1 -2.6145 452.6046 170.8156 482.0359 201.1614 1.8945 0.7031 1.7046 -9.0612 1.7669 45.6551 -2.8097 -1.6473
41 -1 Car -1 -1 -4.5655 679.0783 182.1977 706.7880 203.9220 1.5363 1.5793 3.6107 6.2822 2.2689 54.6498 -4.4522 -1.7306
41 -1 Pedestrian -1 -1 -5.5420 1090.0747 202.6116 1150.1178 304.3832 1.2066 0.3816 0.4779 6.2932 1.5886 8.9930 -4.9474 -1.8943
41 -1 Car -1 -1 -8.0173 286.6393 178.7958 320.1912 202.1089 1.5339 1.5884 3.6434 -21.4889 1.9651 50.4386 -8.4184 -2.0738
41 -1 Cyclist -1 -1 -6.2062 319.2938 177.8303 344.2526 202.9660 1.7692 0.6834 1.6166 -19.9053 2.1284 51.5668 -6.5732 -2.1697
42 -1 Car -1 -1 -4.6053 656.6571 179.5246 691.6738 207.2963 1.7308 1.8736 4.5908 4.3371 2.2021 48.5713 -4.5173 1.7729
42 -1 Pedestrian -1 -1 -3.1167 517.9482 180.8120 535.9194 212.7347 1.6785 0.4612 0.9382 -4.4499 2.1041 38.3461 -3.2320 1.0419
42 -1 Car -1 -1 -4.6843 750.9144 180.3103 774.2680 201.0752 1.4561 1.6148 3.9312 11.4620 2.0376 54.2042 -4.4775 -0.1558
42 -1 Car -1 -1 -2.6830 261.8108 179.0774 325.3433 201.6145 1.5074 1.6136 3.6692 -21.7714 1.9430 49.6448 -3.0945 -1.8131
42 -1 Car -1 -1 -4.9645 671.5527 182.1482 704.1351 203.8074 1.5367 1.5986 3.6068 5.8378 2.2658 54.7257 -4.8594 -1.8158
42 -1 Cyclist -1 -1 -2.5988 453.2062 171.2313 482.5878 201.4235 1.8845 0.7030 1.7064 -9.0257 1.7830 45.6588 -2.7933 -1.8628
42 -1 Car -1 -1 -5.3998 319.6519 179.8108 386.5893 204.7882 1.4528 1.6088 4.2019 -15.9767 1.9008 44.7268 -5.7413 -1.8908
42 -1 Car -1 -1 -4.4090 336.3195 170.4807 381.7371 199.2202 1.8275 1.6907 4.1303 -16.6529 1.6763 47.9712 -4.7417 -1.9348
43 -1 Car -1 -1 -4.5885 656.1151 179.8050 691.4243 207.4834 1.7234 1.8295 4.4888 4.3038 2.2134 48.5103 -4.5011 1.9990
43 -1 Pedestrian -1 -1 -3.4122 517.0557 181.1865 535.7716 212.9197 1.6559 0.6301 0.8499 -4.4820 2.1036 38.3407 -3.5284 1.4088
43 -1 Car -1 -1 -7.8566 751.4750 179.5539 773.6262 199.7238 1.4476 1.6012 3.8758 11.6320 1.9792 55.2143 -7.6504 -0.2831
43 -1 Car -1 -1 -2.5857 269.4165 179.6959 324.0651 202.1739 1.4964 1.5747 3.0841 -21.5681 1.9765 49.6532 -2.9938 -1.7091
43 -1 Cyclist -1 -1 -2.6382 452.9871 171.1714 482.5170 201.4495 1.8909 0.7058 1.7044 -9.0338 1.7856 45.6569 -2.8328 -1.7698
43 -1 Car -1 -1 -2.3047 333.4726 180.0520 398.7388 204.9012 1.4343 1.5945 3.8948 -15.0046 1.8919 44.2511 -2.6301 -1.9605
43 -1 Pedestrian -1 -1 -5.5273 1090.3978 203.9557 1148.9796 304.4820 1.1936 0.3740 0.4664 6.2946 1.5929 9.0019 -4.9331 -2.0523
43 -1 Car -1 -1 -4.6469 680.9370 181.9971 705.2476 203.8365 1.5457 1.6054 3.4649 6.2691 2.2589 54.4608 -4.5334 -2.1466
43 -1 Cyclist -1 -1 -4.8764 343.9987 174.7108 358.0982 202.2234 1.7279 0.5970 1.6089 -16.6478 1.8488 46.2773 -5.2202 -2.1612
44 -1 Car -1 -1 -4.6225 656.6252 179.9043 689.5535 207.4134 1.7139 1.8190 4.4505 4.2553 2.2105 48.5088 -4.5361 1.8735
44 -1 Pedestrian -1 -1 -2.9199 513.2234 179.1771 531.9512 211.6842 1.7095 0.4434 0.9124 -4.6782 2.0473 38.3145 -3.0411 1.2088
44 -1 Car -1 -1 -4.6703 751.4092 180.7978 774.1860 201.2083 1.4853 1.5826 3.7992 11.8841 2.1253 56.1277 -4.4632 -0.2221
44 -1 Car -1 -1 -2.2743 332.1035 179.4125 399.9127 204.6317 1.4515 1.6151 4.1821 -15.0059 1.8692 44.2180 -2.6000 -1.2668
44 -1 Car -1 -1 -4.6942 681.1697 182.8877 702.9233 204.9466 1.5612 1.5792 3.6190 6.2154 2.3478 54.6884 -4.5822 -1.4242
44 -1 Car -1 -1 -4.3962 313.9037 179.1961 352.9897 201.3171 1.5312 1.5775 3.7856 -20.2828 2.0135 52.9772 -4.7604 -1.8969
45 -1 Car -1 -1 -4.6135 656.3532 179.8773 689.8846 207.5384 1.7231 1.8191 4.4703 4.2584 2.2180 48.5123 -4.5270 1.9054
45 -1 Pedestrian -1 -1 -2.9724 510.0420 179.7599 527.8503 211.6417 1.6772 0.4143 0.8806 -4.8674 2.0455 38.2817 -3.0985 0.4046
45 -1 Car -1 -1 -7.9007 750.6245 180.2783 773.8411 200.5423 1.5095 1.6134 3.8242 12.0175 2.1190 57.2418 -7.6953 -0.1284
45 -1 Car -1 -1 -2.3239 334.7646 179.3197 400.7633 204.4501 1.4532 1.5887 3.9088 -14.8801 1.8634 44.1869 -2.6473 -1.1820
45 -1 Car -1 -1 -4.6897 680.9370 182.8467 702.8927 204.9049 1.5609 1.5778 3.6426 6.2070 2.3446 54.6991 -4.5778 -1.4756
45 -1 Pedestrian -1 -1 -3.0336 562.7341 179.3208 574.7657 212.2129 1.7048 0.6512 0.5646 -2.2015 2.0470 37.8707 -3.0919 -2.1756
45 -1 Car -1 -1 -3.1262 257.6537 178.7968 319.5320 202.0150 1.5118 1.6131 3.7997 -21.9138 1.9292 49.2279 -3.5433 -2.1770
46 -1 Car -1 -1 -4.5800 655.1042 179.9453 690.8600 207.5868 1.7199 1.8249 4.4756 4.2502 2.2197 48.5003 -4.4936 1.8574
46 -1 Pedestrian -1 -1 -3.1093 508.0839 179.9071 525.4966 212.1514 1.6923 0.4624 0.9019 -4.9785 2.0688 38.2635 -3.2384 1.4176
46 -1 Car -1 -1 -7.8907 750.2634 183.6847 772.5703 203.4211 1.4796 1.6140 3.8085 12.1793 2.3848 58.3119 -7.6863 -0.7008
46 -1 Pedestrian -1 -1 -2.1144 342.8772 176.1985 358.8640 202.9189 1.6803 0.6838 0.7233 -16.5510 1.8955 45.9919 -2.4583 -1.4238
46 -1 Car -1 -1 -4.8046 674.6283 183.2200 701.0142 205.3839 1.5663 1.6208 4.0283 5.8564 2.3839 54.9074 -4.6995 -1.5451
46 -1 Car -1 -1 -2.2166 332.4795 179.6646 395.3017 204.6902 1.4398 1.5964 3.9399 -15.1450 1.8738 44.2418 -2.5449 -1.6864
46 -1 Car -1 -1 -4.4454 315.2505 179.1330 351.9372 201.1646 1.5240 1.5813 3.7355 -20.2644 2.0013 52.9493 -4.8095 -1.7130
47 -1 Car -1 -1 -4.6223 656.1049 179.4072 690.0010 207.1290 1.7295 1.8744 4.5868 4.2621 2.1924 48.5821 -4.5359 1.6223
47 -1 Pedestrian -1 -1 -2.9290 505.0880 180.4695 523.7855 211.9774 1.6559 0.4234 0.9152 -5.1074 2.0623 38.2871 -3.0613 1.2407
47 -1 Car -1 -1 -7.8110 750.0359 183.4426 772.0245 202.9313 1.4853 1.6124 3.8528 12.4121 2.3855 59.3004 -7.6061 -0.6048
47 -1 Car -1 -1 -4.5655 679.0469 182.3947 706.8344 204.4144 1.5567 1.5847 3.6138 6.2828 2.3048 54.6491 -4.4522 -1.7303
47 -1 Car -1 -1 -5.4582 324.0865 180.0145 393.6125 205.0868 1.4518 1.6148 4.2157 -15.5235 1.9096 44.4585 -5.7926 -1.7459
47 -1 Car -1 -1 -7.9764 288.2123 178.5604 319.8487 201.8725 1.5351 1.6068 3.6235 -21.4495 1.9493 50.4479 -8.3768 -1.7825
47 -1 Pedestrian -1 -1 -5.5708 1087.3630 201.9969 1148.4496 305.0069 1.2212 0.3845 0.4907 6.2733 1.5961 9.0036 -4.9783 -2.0390
48 -1 Car -1 -1 -4.5652 655.0811 180.1275 692.6137 207.5686 1.7028 1.8660 4.5951 4.3139 2.2164 48.5259 -4.4776 1.5247
48 -1 Pedestrian -1 -1 -3.0724 504.9364 180.3798 521.6727 211.7922 1.6507 0.4275 0.8528 -5.1650 2.0521 38.2724 -3.2061 -0.4285
48 -1 Car -1 -1 -7.7294 749.5450 182.6916 775.0065 202.3361 1.5274 1.6199 3.8742 12.7268 2.3777 60.2929 -7.5228 -0.5219
48 -1 Car -1 -1 -5.3673 323.0961 180.3497 387.6133 205.2513 1.4377 1.5919 4.0904 -15.7648 1.9183 44.5135 -5.7061 -0.5855
48 -1 Car -1 -1 -5.1664 940.1569 171.3240 990.3718 194.3861 1.5456 1.5990 3.8505 24.6588 1.4427 50.2816 -4.7131 -1.3814
48 -1 Car -1 -1 -4.6785 680.9893 182.5687 703.6949 204.8421 1.5773 1.5933 3.6645 6.2411 2.3395 54.7064 -4.5660 -1.6626
48 -1 Car -1 -1 -4.9002 286.1711 179.0818 321.9057 202.3570 1.5276 1.6290 3.7535 -21.4497 1.9800 50.4453 -5.3006 -1.9498
49 -1 Car -1 -1 -4.5690 656.2373 180.0194 692.1407 207.6597 1.7169 1.7853 4.4746 4.3255 2.2213 48.4369 -4.4811 1.7390
49 -1 Pedestrian -1 -1 -2.8816 500.7929 179.2576 519.7477 211.2682 1.6795 0.4376 0.9136 -5.3221 2.0210 38.2398 -3.0194 0.6797
49 -1 Car -1 -1 -7.8000 750.0078 182.8824 771.8688 202.4222 1.5490 1.6227 3.8501 12.8427 2.4307 61.3907 -7.5952 -0.6788
49 -1 Car -1 -1 -5.3783 322.6786 180.9756 388.6755 205.8259 1.4360 1.6127 4.1870 -15.8031 1.9589 44.6783 -5.7167 -1.2824
49 -1 Car -1 -1 -4.9658 671.5183 182.4215 704.2406 204.4510 1.5623 1.6050 3.6084 5.8405 2.3129 54.7273 -4.8606 -1.7987
50 -1 Car -1 -1 -4.6223 656.1506 179.8293 689.7529 207.7052 1.7366 1.8639 4.4185 4.2422 2.2274 48.4595 -4.5360 1.5401
50 -1 Pedestrian -1 -1 -5.1559 498.1328 179.8411 513.8448 212.5197 1.7003 0.4863 0.8968 -5.5578 2.0755 38.2676 -5.2997 -0.0926
50 -1 Car -1 -1 -4.7319 748.5573 184.4037 768.9112 203.0466 1.4946 1.6394 3.9244 12.8300 2.5280 62.4994 -4.5308 -1.2807
50 -1 Car -1 -1 -4.8061 675.1544 182.4459 701.0121 204.4672 1.5642 1.6055 3.6256 5.8541 2.3148 54.6628 -4.7005 -1.6073
50 -1 Pedestrian -1 -1 -2.1784 342.9148 176.1035 359.0750 202.8178 1.6809 0.6585 0.7521 -16.5474 1.8900 46.0044 -2.5222 -1.8973
50 -1 Car -1 -1 -5.1298 682.4917 182.7616 715.6358 200.4324 1.5497 1.6191 3.9544 8.3091 2.5095 67.7911 -5.0088 -1.9359
50 -1 Car -1 -1 -4.2982 317.3794 178.6496 360.7501 201.0895 1.5599 1.5908 3.7991 -19.9133 2.0017 53.1009 -4.6556 -2.0698
50 -1 Pedestrian -1 -1 -5.5249 1089.5059 205.2377 1148.4293 304.7580 1.1782 0.3780 0.4664 6.2739 1.5932 8.9854 -4.9314 -2.1012
50 -1 Car -1 -1 -5.3537 323.0857 179.6976 388.6769 204.9253 1.4615 1.6320 4.2149 -15.7852 1.9023 44.6568 -5.6920 -2.1462
51 -1 Car -1 -1 -4.6048 655.5042 179.6545 690.4469 207.6341 1.7416 1.8723 4.4839 4.2451 2.2204 48.4505 -4.5185 1.5750
51 -1 Pedestrian -1 -1 -3.1024 493.8529 180.7850 511.6579 212.7063 1.6730 0.4394 0.9168 -5.7159 2.0957 38.2175 -3.2504 0.4655
51 -1 Car -1 -1 -7.8638 749.8934 183.5145 769.6356 202.4205 1.5505 1.6518 3.8841 13.1433 2.5198 63.5653 -7.6613 -1.5086
51 -1 Car -1 -1 -2.3098 341.3463 179.3795 410.1920 204.8873 1.4590 1.6052 4.1509 -14.2951 1.8711 43.8778 -2.6233 -1.8026
51 -1 Pedestrian -1 -1 -2.2428 342.7902 176.0972 359.2140 202.8040 1.6805 0.6650 0.7473 -16.5437 1.8891 45.9967 -2.5865 -1.8908
51 -1 Car -1 -1 -4.7745 674.7686 182.5912 700.2159 205.0715 1.5922 1.6615 4.2215 5.8519 2.3645 55.1047 -4.6698 -1.9698
51 -1 Pedestrian -1 -1 -5.5138 1089.4287 204.8723 1148.2803 304.7357 1.1832 0.3765 0.4677 6.2745 1.5937 8.9884 -4.9204 -1.9974
51 -1 Car -1 -1 -4.2872 316.5991 179.2474 360.6334 200.9919 1.5054 1.5805 3.8544 -19.9416 1.9931 53.0920 -4.6451 -2.1519
52 -1 Car -1 -1 -4.6314 657.1266 180.0453 689.5972 207.7353 1.7241 1.8251 4.4636 4.2727 2.2307 48.5017 -4.5446 1.8076
52 -1 Pedestrian -1 -1 -3.0329 491.2902 180.0963 510.0249 212.1936 1.6850 0.4520 0.9385 -5.8298 2.0710 38.2349 -3.1837 0.6141
52 -1 Car -1 -1 -7.9084 749.6121 183.7375 771.0508 202.3646 1.5520 1.6553 3.9902 13.4184 2.5586 64.6616 -7.7052 -0.9364
52 -1 Car -1 -1 -5.4074 322.0240 180.6741 390.0823 205.8292 1.4557 1.6328 4.2471 -15.7699 1.9588 44.6560 -5.7453 -1.3294
52 -1 Car -1 -1 -3.1640 258.4152 178.9782 321.0235 202.5603 1.5318 1.6141 3.8473 -21.8632 1.9624 49.2189 -3.5803 -1.6422
52 -1 Car -1 -1 -4.7321 681.9764 182.2596 704.2526 204.4289 1.5728 1.5957 3.6903 6.2454 2.3108 54.7236 -4.6196 -1.7210
53 -1 Car -1 -1 -4.6184 656.5822 180.0399 689.7198 207.5802 1.7145 1.8162 4.4358 4.2575 2.2204 48.4872 -4.5320 2.0201
53 -1 Pedestrian -1 -1 -3.2523 490.1191 180.4239 507.5387 212.2435 1.6633 0.4783 0.8642 -5.9296 2.0676 38.2236 -3.4056 -0.0586
53 -1 Car -1 -1 -4.6267 747.7429 184.5533 769.7092 202.3482 1.4985 1.6333 3.9515 13.5418 2.5976 65.6817 -4.4248 -1.4446
53 -1 Car -1 -1 -4.7645 681.2197 182.8857 704.8313 204.9244 1.5626 1.5822 3.6066 6.2337 2.3483 54.6870 -4.6521 -1.4548
53 -1 Car -1 -1 -5.4076 327.3599 179.4868 395.4517 204.8221 1.4596 1.6311 4.2151 -15.3146 1.8829 44.2943 -5.7390 -1.4966
53 -1 Pedestrian -1 -1 -2.3012 342.6881 175.8979 359.1190 202.7490 1.6906 0.6462 0.7565 -16.5509 1.8863 45.9997 -2.6450 -1.6939
53 -1 Car -1 -1 -4.7948 689.9197 184.1367 710.7556 201.9233 1.5340 1.5974 3.7029 8.2768 2.6029 66.4969 -4.6720 -1.8941
53 -1 Car -1 -1 -4.5038 315.6182 178.9213 349.9621 201.6095 1.5682 1.5949 3.8102 -20.3260 2.0301 52.9524 -4.8689 -1.9981
53 -1 Car -1 -1 -4.7842 1017.3792 168.6309 1047.1630 190.2102 1.5119 1.5802 3.9622 30.7571 1.2158 52.6812 -4.2584 -2.1624
54 -1 Car -1 -1 -4.6185 656.6604 180.0275 689.8126 207.8213 1.7298 1.8142 4.4654 4.2633 2.2350 48.4833 -4.5318 2.0025
54 -1 Pedestrian -1 -1 -2.9315 486.5429 180.4386 504.1983 211.7556 1.6429 0.4234 0.8539 -6.1052 2.0466 38.1997 -3.0894 -0.1477
54 -1 Car -1 -1 -4.6894 750.2647 183.9776 768.8138 201.6402 1.5218 1.6006 3.8096 13.8375 2.5822 66.7659 -4.4864 -0.9021
54 -1 Car -1 -1 -2.3002 325.8877 179.9423 395.0499 205.0747 1.4530 1.6141 4.2348 -15.4164 1.9063 44.4312 -2.6327 -1.2639
54 -1 Car -1 -1 -4.7321 681.9743 182.2449 704.2548 204.4313 1.5742 1.5958 3.6906 6.2454 2.3110 54.7237 -4.6196 -1.7228
54 -1 Car -1 -1 -5.0586 681.2952 184.0478 712.5902 203.0205 1.6188 1.6298 3.8390 7.8991 2.6748 66.0395 -4.9406 -1.9759
54 -1 Pedestrian -1 -1 -2.4037 342.5878 176.5316 359.1683 203.0581 1.6703 0.6186 0.7821 -16.5487 1.9066 45.9901 -2.7476 -2.1884
55 -1 Car -1 -1 -4.6312 656.7223 179.9776 689.0508 207.3181 1.7022 1.8155 4.4489 4.2394 2.2038 48.4894 -4.5451 1.9358
55 -1 Pedestrian -1 -1 -3.3309 484.0810 179.0383 501.3616 211.9255 1.7088 0.5956 0.8018 -6.2279 2.0384 38.0661 -3.4924 -0.0778
55 -1 Car -1 -1 -4.7974 747.3018 184.0231 768.8876 201.3902 1.5209 1.6464 4.0143 13.8977 2.6050 67.9642 -4.5970 -1.5038
55 -1 Car -1 -1 -2.3630 332.8123 179.4980 400.5171 204.6618 1.4590 1.5966 3.9537 -14.9674 1.8808 44.2564 -2.6876 -1.5228
55 -1 Car -1 -1 -4.6071 679.8217 182.8632 705.6934 204.8326 1.5511 1.5931 3.4481 6.2479 2.3324 54.4890 -4.4941 -1.6163
56 -1 Car -1 -1 -4.6207 656.4178 179.5587 690.3455 207.0531 1.7134 1.8673 4.6151 4.2853 2.1873 48.5903 -4.5339 1.7473
56 -1 Pedestrian -1 -1 -3.0859 481.5001 180.3616 499.6238 212.7471 1.6956 0.4575 0.9227 -6.3561 2.0955 38.1843 -3.2503 -0.0827
56 -1 Car -1 -1 -4.6246 691.2561 183.8915 712.5221 202.6339 1.5805 1.5938 3.6744 8.2952 2.6065 65.1237 -4.4990 -1.5378
56 -1 Car -1 -1 -2.2987 334.0955 179.8638 399.7193 204.8678 1.4418 1.6045 3.9282 -14.9437 1.8873 44.2136 -2.6232 -1.5728
56 -1 Pedestrian -1 -1 -6.0858 561.5052 179.2769 576.5339 211.9945 1.6829 0.6031 0.6775 -2.1718 2.0203 37.5947 -6.1437 -1.7047
56 -1 Car -1 -1 -4.9767 671.0417 182.1705 704.0942 204.1208 1.5584 1.6013 3.5921 5.8182 2.2894 54.7387 -4.8719 -1.7785
56 -1 Car -1 -1 -2.1913 270.0309 178.9597 323.7679 201.9021 1.5115 1.6078 3.6316 -21.7498 1.9483 50.0282 -2.5997 -1.9341
56 -1 Pedestrian -1 -1 -5.5297 1089.1801 202.5364 1149.4794 305.0927 1.2150 0.3808 0.4824 6.2787 1.5958 8.9864 -4.9359 -1.9600
56 -1 Car -1 -1 -3.3281 740.9432 184.0175 785.8486 200.9465 1.5436 1.6415 3.8868 14.3640 2.6055 67.7887 -3.1206 -2.0803
56 -1 Cyclist -1 -1 -4.8960 344.0467 174.1590 357.9977 201.9852 1.7503 0.5598 1.6024 -16.6559 1.8352 46.2958 -5.2398 -2.1801
57 -1 Car -1 -1 -4.5770 655.4286 179.8748 692.2325 207.2700 1.7013 1.8650 4.6157 4.3123 2.1970 48.5241 -4.4894 1.5557
57 -1 Pedestrian -1 -1 -3.1392 478.8345 181.3309 496.1420 212.7945 1.6465 0.4150 0.8983 -6.5215 2.0981 38.1869 -3.3077 0.0239
57 -1 Car -1 -1 -5.3687 323.3656 180.5208 387.3462 205.3748 1.4353 1.5839 4.0453 -15.7671 1.9268 44.5223 -5.7075 -0.6516
57 -1 Car -1 -1 -3.2484 260.3423 179.7842 324.3994 203.0479 1.5029 1.5980 3.8552 -21.7004 1.9915 49.2491 -3.6617 -1.3017
57 -1 Car -1 -1 -4.6785 680.9913 182.5427 703.6914 204.7907 1.5756 1.5930 3.6641 6.2410 2.3357 54.7064 -4.5660 -1.6624
57 -1 Car -1 -1 -4.6338 690.9653 183.7655 712.0886 202.6132 1.5826 1.5971 3.8360 8.2465 2.5960 64.9892 -4.5086 -1.9676
58 -1 Car -1 -1 -4.6289 656.6004 179.8235 689.1310 207.2375 1.7082 1.8199 4.4427 4.2386 2.1990 48.4946 -4.5428 1.8725
58 -1 Pedestrian -1 -1 -2.5675 476.3437 179.4765 495.8554 211.5627 1.6680 0.4713 0.9034 -6.5749 2.0207 38.0654 -2.7379 -0.4337
58 -1 Car -1 -1 -2.3188 335.8442 179.3720 400.3568 204.4997 1.4536 1.5803 3.8042 -14.8563 1.8669 44.1793 -2.6417 -1.3422
58 -1 Car -1 -1 -4.6942 681.1680 183.0004 702.9268 205.0431 1.5594 1.5794 3.6190 6.2155 2.3548 54.6883 -4.5822 -1.4208
58 -1 Car -1 -1 -4.4419 692.7473 183.3246 721.1967 202.3642 1.5864 1.5913 3.6886 8.6511 2.5489 64.3372 -4.3093 -1.7227
58 -1 Pedestrian -1 -1 -2.4082 342.5264 176.0938 359.1412 202.8340 1.6846 0.6307 0.7738 -16.5548 1.8928 45.9996 -2.7521 -2.0363
58 -1 Car -1 -1 -4.4610 314.5384 179.0843 350.6033 201.1505 1.5237 1.5713 3.7913 -20.3239 1.9973 52.9091 -4.8263 -2.0875
58 -1 Car -1 -1 -3.0633 257.2017 179.0146 320.0930 202.2166 1.5152 1.6064 3.8060 -21.9055 1.9473 49.2487 -3.4800 -2.1376
58 -1 Car -1 -1 -4.7845 1016.9401 168.6677 1046.8328 190.0344 1.4977 1.5851 3.9959 30.7504 1.2039 52.7185 -4.2591 -2.1871
59 -1 Car -1 -1 -4.6312 656.6811 179.8364 689.1158 207.6348 1.7326 1.8234 4.4405 4.2402 2.2242 48.4900 -4.5451 1.8907
59 -1 Pedestrian -1 -1 -3.1511 474.1059 180.1311 490.8195 211.7238 1.6464 0.4203 0.8627 -6.7605 2.0325 38.0197 -3.3263 -0.2426
59 -1 Car -1 -1 -5.4276 325.9545 179.7997 394.6479 205.0463 1.4595 1.6179 4.2347 -15.4298 1.9038 44.4363 -5.7603 -1.2008
59 -1 Car -1 -1 -3.1404 258.8026 179.8085 319.7294 202.8947 1.4990 1.5863 3.7429 -21.8780 1.9874 49.2220 -3.5569 -1.5815
59 -1 Car -1 -1 -4.7321 681.9744 182.2473 704.2547 204.4331 1.5741 1.5959 3.6907 6.2454 2.3111 54.7237 -4.6196 -1.7228
59 -1 Pedestrian -1 -1 -2.3299 342.6990 176.4777 359.1346 203.1972 1.6822 0.6478 0.7506 -16.5529 1.9152 46.0082 -2.6738 -2.0466
59 -1 Car -1 -1 -4.8125 687.4899 184.7847 709.9830 204.3520 1.6311 1.6184 3.7033 7.8548 2.7248 64.2926 -4.6920 -2.0867
60 -1 Car -1 -1 -4.5772 655.2504 179.8769 691.8786 207.5807 1.7225 1.8747 4.4269 4.2832 2.2166 48.4271 -4.4900 1.6380
60 -1 Car -1 -1 -5.4005 319.1533 180.7258 384.7726 205.6456 1.4476 1.6030 4.0853 -16.0547 1.9545 44.7496 -5.7434 -0.6075
60 -1 Pedestrian -1 -1 -3.1494 474.9459 181.4584 484.3638 212.6043 1.6282 0.5019 0.4860 -6.9361 2.0866 38.1730 -3.3284 -0.6749
60 -1 Car -1 -1 -3.1758 263.5928 178.9119 326.5387 202.1440 1.5103 1.6056 3.8853 -21.5346 1.9369 49.2804 -3.5860 -1.3170
60 -1 Car -1 -1 -4.4784 689.8534 184.0623 717.4557 203.4518 1.5954 1.5968 3.7572 8.2819 2.6173 63.7672 -4.3504 -1.6486
60 -1 Car -1 -1 -4.6953 681.2911 182.6401 703.1902 204.8719 1.5740 1.5936 3.6869 6.2340 2.3420 54.7164 -4.5830 -1.6964
60 -1 Pedestrian -1 -1 -3.0314 562.6463 179.6108 574.6776 211.9248 1.6745 0.6665 0.5618 -2.2068 2.0322 37.8830 -3.0898 -2.0299
60 -1 Car -1 -1 -5.1596 942.4866 171.3000 992.1817 194.3793 1.5407 1.5957 3.7880 24.6991 1.4367 50.0690 -4.7039 -2.0820
60 -1 Cyclist -1 -1 -3.8535 0.0000 179.6752 103.7241 283.7348 1.6213 0.5573 1.5353 -9.5010 1.7436 12.1564 -4.5065 -2.1485
60 -1 Car -1 -1 -7.4413 365.1358 180.4677 414.3772 206.0367 1.4655 1.5601 3.6550 -13.5285 1.9538 44.3984 -7.7357 -2.1859
61 -1 Car -1 -1 -4.5716 655.0801 179.9083 691.7914 207.6131 1.7221 1.8520 4.4748 4.2776 2.2189 48.4553 -4.4847 1.5619
61 -1 Car -1 -1 -5.3725 325.2061 180.5084 391.4561 205.4038 1.4325 1.5937 4.2329 -15.5635 1.9231 44.4567 -5.7077 -0.4178
61 -1 Pedestrian -1 -1 -2.9651 467.4918 179.5234 486.8216 211.6561 1.6773 0.5549 0.9200 -7.0424 2.0314 38.0597 -3.1473 -0.7975
61 -1 Car -1 -1 -3.2181 258.2755 179.4804 323.8330 202.7595 1.5044 1.6176 3.9803 -21.7790 1.9713 49.2203 -3.6329 -1.3500
61 -1 Car -1 -1 -4.8840 673.1816 182.6642 702.4277 204.6095 1.5568 1.5985 3.6338 5.8360 2.3258 54.7187 -4.7788 -1.5490
61 -1 Car -1 -1 -5.1550 942.9716 171.5320 992.0514 194.5228 1.5363 1.6034 3.7134 24.7193 1.4476 50.0809 -4.6991 -1.6823
62 -1 Car -1 -1 -4.6062 656.1803 179.9796 691.2230 207.5748 1.7156 1.8786 4.5883 4.3038 2.2188 48.5473 -4.5189 1.8296
62 -1 Pedestrian -1 -1 -3.1018 466.7841 180.0495 484.1345 211.9574 1.6635 0.4718 0.8817 -7.1299 2.0456 38.0479 -3.2863 -0.1616
62 -1 Car -1 -1 -2.2532 319.3194 180.7232 384.2682 205.5583 1.4429 1.5976 4.0491 -16.0659 1.9495 44.7515 -2.5963 -0.6421
62 -1 Car -1 -1 -3.1694 263.0628 178.9108 325.3871 202.1715 1.5130 1.5965 3.8441 -21.5840 1.9392 49.2726 -3.5806 -1.2245
62 -1 Car -1 -1 -4.9033 951.1492 169.8232 990.8870 193.6541 1.5894 1.6876 4.2521 25.1222 1.3870 50.3975 -4.4435 -1.5617
62 -1 Car -1 -1 -4.6784 680.9916 182.5365 703.6921 204.7619 1.5740 1.5927 3.6636 6.2410 2.3336 54.7064 -4.5659 -1.6614
62 -1 Pedestrian -1 -1 -2.9950 562.6927 179.3681 575.0539 211.7526 1.6779 0.6705 0.5571 -2.1959 2.0229 37.8870 -3.0530 -1.8634
62 -1 Cyclist -1 -1 -2.6567 460.6923 176.5523 492.3376 209.2289 1.8470 0.6787 1.6647 -7.7099 2.0623 41.4848 -2.8398 -1.8869
62 -1 Car -1 -1 -7.1894 366.4215 180.5550 427.6969 206.2658 1.4660 1.5803 3.8528 -13.0956 1.9626 44.4705 -7.4745 -2.0171
63 -1 Car -1 -1 -4.6049 656.1714 179.9486 690.2007 207.7391 1.7302 1.8170 4.4469 4.2605 2.2298 48.4831 -4.5183 1.9384
63 -1 Pedestrian -1 -1 -4.4359 465.0063 180.0483 478.4354 211.8203 1.6470 0.4764 0.8719 -7.3300 2.0308 38.0647 -4.6253 -0.2456
63 -1 Car -1 -1 -4.6942 681.1667 183.0194 702.9291 205.0922 1.5615 1.5798 3.6194 6.2155 2.3584 54.6883 -4.5822 -1.4210
63 -1 Car -1 -1 -2.3163 332.9456 179.6209 398.6324 204.6423 1.4475 1.5874 3.9077 -15.0252 1.8776 44.2569 -2.6421 -1.4705
63 -1 Cyclist -1 -1 -2.4361 460.6591 176.9047 490.3582 209.3893 1.8304 0.6540 1.6497 -7.7793 2.0671 41.5238 -2.6206 -1.6600
63 -1 Car -1 -1 -3.1577 260.2354 179.4507 321.2184 202.5406 1.4996 1.5911 3.7502 -21.7949 1.9631 49.2279 -3.5728 -1.9024
63 -1 Pedestrian -1 -1 -2.4204 342.5130 176.2238 359.3037 202.7779 1.6725 0.6346 0.7837 -16.5486 1.8890 45.9959 -2.7643 -2.0117
64 -1 Car -1 -1 -4.5795 656.6199 179.9622 691.8297 207.6058 1.7180 1.7843 4.4617 4.3269 2.2182 48.4335 -4.4915 1.7188
64 -1 Pedestrian -1 -1 -3.5874 460.3347 180.1426 478.4614 211.9832 1.6507 0.4400 0.8290 -7.4477 2.0388 38.0246 -3.7800 0.0905
64 -1 Car -1 -1 -4.9547 671.6179 182.2279 703.8698 204.1618 1.5572 1.6049 3.6087 5.8324 2.2928 54.7452 -4.8496 -1.7240
64 -1 Car -1 -1 -4.4363 694.4663 183.7406 724.3570 202.5999 1.5240 1.5981 3.8298 8.6550 2.5021 62.7757 -4.3005 -1.7355
64 -1 Pedestrian -1 -1 -5.5220 1089.3427 203.8393 1149.7836 305.5089 1.2022 0.3803 0.4843 6.2754 1.5993 8.9778 -4.9281 -1.9174
64 -1 Car -1 -1 -5.3582 321.8952 180.2267 386.8981 205.2226 1.4475 1.6226 4.1522 -15.8847 1.9224 44.6825 -5.6982 -1.9219
64 -1 Car -1 -1 -7.9455 288.9015 178.8231 318.8640 202.1289 1.5323 1.6032 3.6369 -21.4546 1.9656 50.4360 -8.3461 -1.9857
64 -1 Car -1 -1 -4.3789 335.0714 171.6432 382.3803 200.0315 1.8048 1.6970 4.1579 -16.6641 1.7276 47.9526 -4.7119 -2.0992
65 -1 Car -1 -1 -4.6054 656.0872 180.2034 690.6592 207.3950 1.6895 1.8577 4.4086 4.2694 2.2065 48.4396 -4.5186 1.9909
65 -1 Pedestrian -1 -1 -3.2073 459.1297 179.1819 475.7417 211.4345 1.6785 0.4850 0.8286 -7.5537 2.0147 38.0259 -3.4026 -0.5694
65 -1 Car -1 -1 -2.2550 319.2007 180.9430 384.8784 205.8472 1.4449 1.6055 4.1005 -16.0485 1.9658 44.7441 -2.5978 -0.6869
65 -1 Car -1 -1 -3.2362 263.6273 179.4613 326.0385 202.9002 1.5185 1.5963 3.7730 -21.5417 1.9841 49.2649 -3.6467 -1.6363
65 -1 Car -1 -1 -4.6509 680.3968 181.7018 704.6064 203.9114 1.5756 1.6051 3.7235 6.2579 2.2707 54.7330 -4.5382 -1.8249
65 -1 Pedestrian -1 -1 -3.1311 563.1366 179.5261 574.0021 211.8669 1.6759 0.6699 0.5637 -2.2116 2.0292 37.8826 -3.1896 -1.8793
65 -1 Car -1 -1 -4.9750 681.7784 183.0716 710.7057 202.2927 1.5672 1.5998 3.6458 7.4476 2.4833 62.7917 -4.8580 -2.1179
65 -1 Car -1 -1 -7.3722 364.6282 180.1753 417.7699 206.0429 1.4844 1.5823 3.7385 -13.4712 1.9559 44.5132 -7.6647 -2.1291
66 -1 Car -1 -1 -4.5629 654.8932 180.0787 692.4625 207.5917 1.7080 1.8593 4.5901 4.3025 2.2181 48.5270 -4.4755 1.5856
66 -1 Car -1 -1 -5.3852 322.9372 180.3851 386.5229 205.1738 1.4352 1.5778 3.9583 -15.8081 1.9177 44.5365 -5.7247 -0.4584
66 -1 Pedestrian -1 -1 -2.7209 454.8186 180.0947 473.4760 211.5972 1.6485 0.4317 0.8678 -7.7598 2.0346 38.2034 -2.9205 -0.5949
66 -1 Car -1 -1 -4.7975 674.4642 182.6785 699.5383 204.6295 1.5562 1.5699 3.7161 5.7763 2.3262 54.7008 -4.6934 -0.6073
66 -1 Car -1 -1 -4.8151 288.2516 178.2867 319.5239 201.5334 1.5295 1.6461 3.6543 -21.4411 1.9237 50.4034 -5.2156 -1.3739
66 -1 Car -1 -1 -4.5440 693.3097 183.7381 718.7156 203.0718 1.5553 1.5868 3.6673 8.2882 2.5242 62.2666 -4.4128 -1.6528
66 -1 Car -1 -1 -7.4088 315.7499 178.4317 360.7455 200.4725 1.5305 1.5927 3.8507 -19.9692 1.9560 53.0948 -7.7672 -1.7071
66 -1 Cyclist -1 -1 -2.7279 460.1618 176.7344 492.6640 208.9706 1.8141 0.6786 1.6980 -7.6722 2.0385 41.2563 -2.9111 -2.0868
66 -1 Car -1 -1 -5.1156 942.8543 170.8879 990.7787 194.0863 1.5513 1.5958 3.8414 24.7325 1.4195 50.2083 -4.6605 -2.1466
67 -1 Car -1 -1 -4.5664 655.4239 179.8226 692.8253 207.7202 1.7353 1.8650 4.5837 4.3343 2.2275 48.5488 -4.4784 1.4809
67 -1 Pedestrian -1 -1 -3.1822 454.7188 180.7285 471.4830 211.8626 1.6207 0.4599 0.8481 -7.7870 2.0393 38.0501 -3.3832 -0.2137
67 -1 Car -1 -1 -4.7384 677.3993 181.6949 699.8950 203.5275 1.5522 1.5910 3.7083 5.9101 2.2463 54.7582 -4.6320 -1.3981
67 -1 Car -1 -1 -4.5171 692.9587 184.2605 719.7363 203.3590 1.5273 1.5919 3.7681 8.3069 2.5422 62.1787 -4.3855 -1.5863
67 -1 Cyclist -1 -1 -2.6551 460.1534 177.2660 491.9740 209.6812 1.8299 0.6852 1.6716 -7.7322 2.0867 41.4655 -2.8388 -1.7178
67 -1 Car -1 -1 -7.8003 293.8128 178.6744 321.6776 202.1724 1.5480 1.6057 3.5150 -21.1116 1.9699 50.4111 -8.1953 -1.9005
67 -1 Car -1 -1 -5.4339 325.4891 179.6701 393.8118 205.0968 1.4731 1.6304 4.1708 -15.4804 1.9093 44.4719 -5.7674 -2.0204
68 -1 Car -1 -1 -4.6024 656.0472 179.7112 691.1126 207.1519 1.7083 1.8652 4.5792 4.2967 2.1926 48.5612 -4.5152 1.7334
68 -1 Car -1 -1 -4.7924 676.0482 182.1525 701.0434 204.0715 1.5577 1.5847 3.6873 5.8960 2.2866 54.7225 -4.6862 -1.4134
68 -1 Pedestrian -1 -1 -3.0135 451.3854 178.1402 468.9252 210.5826 1.6944 0.4449 0.8555 -7.9322 1.9746 38.0227 -3.2183 -1.4620
68 -1 Car -1 -1 -2.3194 334.0895 179.8015 400.0229 204.7631 1.4415 1.6006 3.9040 -14.9327 1.8827 44.2143 -2.6436 -1.6736
68 -1 Car -1 -1 -7.9900 287.2209 179.0816 319.1796 202.0301 1.5072 1.5850 3.5718 -21.4783 1.9584 50.3804 -8.3913 -1.9875
68 -1 Car -1 -1 -4.8887 1139.6868 170.3461 1181.1614 192.7844 1.4697 1.5707 3.9498 37.5737 1.3051 49.3762 -4.2413 -2.0643
68 -1 Cyclist -1 -1 -4.8801 344.1257 174.0875 358.0846 202.1008 1.7620 0.5834 1.6085 -16.6528 1.8423 46.3017 -5.2238 -2.1408
68 -1 Car -1 -1 -4.3509 334.4058 170.6745 383.1166 199.2578 1.8187 1.6975 4.1524 -16.6804 1.6797 48.0093 -4.6839 -2.1555
69 -1 Car -1 -1 -4.6183 656.3379 179.5611 690.3962 207.1266 1.7174 1.8653 4.6082 4.2829 2.1913 48.5738 -4.5315 1.7873
69 -1 Pedestrian -1 -1 -3.4085 449.1041 178.0739 464.4908 210.6444 1.7005 0.5703 0.6702 -8.1525 1.9795 38.2079 -3.6177 -0.7868
69 -1 Car -1 -1 -4.7926 676.0658 182.1633 701.0443 204.0125 1.5526 1.5831 3.6862 5.8968 2.2824 54.7230 -4.6863 -1.4059
69 -1 Car -1 -1 -8.0050 287.3457 178.9758 320.2165 202.0514 1.5175 1.5952 3.5792 -21.4557 1.9615 50.4225 -8.4057 -1.7701
69 -1 Car -1 -1 -2.3124 332.9375 179.9384 399.2887 204.8838 1.4392 1.6032 3.9551 -14.9960 1.8894 44.2272 -2.6378 -1.8123
69 -1 Car -1 -1 -4.5715 340.7314 170.8105 376.5593 199.3944 1.8096 1.6836 4.0714 -16.6444 1.6799 47.8386 -4.9049 -1.8890
69 -1 Car -1 -1 -4.9375 1105.3992 171.1402 1148.4923 192.9705 1.4748 1.5944 4.0333 36.3800 1.3587 50.9119 -4.3201 -2.0548
69 -1 Pedestrian -1 -1 -5.9886 562.1777 179.3163 576.4596 211.6982 1.6754 0.6736 0.5789 -2.1724 2.0179 37.8843 -6.0461 -2.1269
69 -1 Pedestrian -1 -1 -6.3376 1147.0433 164.6795 1160.4811 192.7841 1.7587 0.6008 0.6436 34.3118 1.2469 45.5804 -5.6956 -2.1701
70 -1 Car -1 -1 -4.5682 655.1439 179.8988 692.2394 207.6379 1.7241 1.8531 4.5702 4.3022 2.2213 48.5206 -4.4809 1.4095
70 -1 Pedestrian -1 -1 -3.1538 446.4218 178.8191 462.1347 210.7909 1.6631 0.6116 0.8026 -8.2563 1.9807 38.0645 -3.3664 -0.9857
70 -1 Car -1 -1 -4.7479 676.8764 182.3443 699.7953 204.2128 1.5505 1.5870 3.7255 5.8832 2.2953 54.7339 -4.6419 -1.0384
70 -1 Car -1 -1 -5.1706 943.8555 171.7138 991.8633 194.3260 1.5098 1.5658 3.5283 24.6796 1.4334 49.9426 -4.7142 -1.3443
70 -1 Car -1 -1 -5.4687 325.0199 179.8093 394.8921 205.0426 1.4623 1.6216 4.2079 -15.4481 1.9067 44.4408 -5.8017 -1.4736
70 -1 Cyclist -1 -1 -2.5378 458.6428 176.3855 490.9091 208.7017 1.8101 0.7048 1.7153 -7.7649 2.0149 41.2322 -2.7232 -1.7400
70 -1 Car -1 -1 -7.8304 295.3985 178.3395 321.5001 201.7498 1.5464 1.5992 3.4921 -21.0926 1.9444 50.4776 -8.2246 -1.8118
70 -1 Car -1 -1 -4.6520 695.8259 184.2448 717.5290 203.5742 1.5320 1.6176 3.7456 8.2449 2.5345 61.5289 -4.5200 -2.1930
70 -1 Pedestrian -1 -1 -8.5525 1144.8621 165.6375 1163.6837 193.5627 1.7507 0.6580 0.6919 34.3571 1.2980 45.5981 -7.9102 -2.1966
71 -1 Car -1 -1 -4.5850 655.9851 180.0126 692.0939 207.6461 1.7176 1.8596 4.5704 4.3264 2.2230 48.5387 -4.4972 1.4821
71 -1 Pedestrian -1 -1 -3.2671 442.4016 179.1327 459.3473 211.1159 1.6699 0.5608 0.8128 -8.4714 2.0057 38.2297 -3.4841 -1.0854
71 -1 Car -1 -1 -4.7510 676.7881 182.0283 699.8535 203.9026 1.5527 1.5867 3.7253 5.8817 2.2726 54.7318 -4.6450 -1.1591
71 -1 Car -1 -1 -5.4714 324.9164 180.4074 394.5342 205.4539 1.4498 1.6079 4.1948 -15.4676 1.9324 44.4570 -5.8047 -1.7693
71 -1 Cyclist -1 -1 -2.6037 460.3660 176.7219 491.6105 209.1279 1.8289 0.6746 1.6534 -7.7381 2.0541 41.4683 -2.7875 -1.8464
71 -1 Car -1 -1 -7.9956 287.9651 179.1414 320.3796 202.8087 1.5575 1.5927 3.6333 -21.4598 2.0144 50.4953 -8.3958 -2.1359
71 -1 Car -1 -1 -5.1372 942.9681 170.4458 992.2546 193.6368 1.5488 1.6027 3.8692 24.7554 1.3877 50.1466 -4.6813 -2.1529
72 -1 Car -1 -1 -4.5556 654.6664 179.8040 692.7170 207.6796 1.7335 1.8657 4.5546 4.3028 2.2241 48.5210 -4.4682 1.4112
72 -1 Pedestrian -1 -1 -2.4127 439.0439 178.7703 458.7050 210.9144 1.6763 0.5655 0.8589 -8.5802 1.9934 38.2518 -2.6323 -0.6532
72 -1 Car -1 -1 -4.7425 677.1284 182.5908 699.7251 204.3299 1.5394 1.5823 3.7087 5.8884 2.3032 54.7141 -4.6364 -0.9432
72 -1 Cyclist -1 -1 -2.5379 460.5761 177.0961 491.9186 209.3499 1.8157 0.6767 1.6833 -7.7196 2.0628 41.4412 -2.7214 -1.6087
72 -1 Car -1 -1 -5.4738 324.8909 180.3592 394.8943 205.4757 1.4543 1.6128 4.2176 -15.4615 1.9341 44.4690 -5.8068 -1.7986
72 -1 Car -1 -1 -5.1713 943.8034 171.6702 991.2502 194.0648 1.4979 1.5637 3.4587 24.6832 1.4184 49.9925 -4.7153 -1.9235
72 -1 Car -1 -1 -5.1353 1112.7083 167.0578 1170.4838 192.8079 1.6154 1.5975 3.8440 34.7407 1.2515 47.3101 -4.5051 -1.9663
73 -1 Car -1 -1 -4.5935 655.6450 180.0040 690.9815 207.4704 1.7079 1.8597 4.3961 4.2647 2.2106 48.4262 -4.5067 1.8732
73 -1 Pedestrian -1 -1 -2.8325 437.2651 179.0950 456.0697 211.0100 1.6709 0.5542 0.8429 -8.6856 2.0039 38.2115 -3.0550 -0.1470
73 -1 Car -1 -1 -2.2609 319.6155 180.7943 384.6797 205.5847 1.4390 1.5968 4.0297 -16.0256 1.9496 44.7024 -2.6035 -0.7299
73 -1 Car -1 -1 -4.6953 681.2979 182.5317 703.1829 204.7001 1.5700 1.5927 3.6856 6.2339 2.3295 54.7163 -4.5830 -1.6974
73 -1 Car -1 -1 -6.3698 259.0042 179.4162 324.5533 202.6099 1.4986 1.6173 3.9684 -21.7301 1.9611 49.2233 -6.7838 -1.7926
73 -1 Pedestrian -1 -1 -2.9779 562.6187 179.1146 575.1561 211.4858 1.6772 0.6689 0.5567 -2.1951 2.0088 37.8860 -3.0360 -1.8698
73 -1 Car -1 -1 -4.8225 1020.5513 167.4810 1053.4189 189.6254 1.5496 1.6060 4.1172 31.1054 1.1733 52.6988 -4.2919 -1.9430
74 -1 Car -1 -1 -4.6101 656.8770 179.5692 691.5626 207.2488 1.7243 1.8707 4.6066 4.3405 2.1987 48.5696 -4.5220 1.7207
74 -1 Pedestrian -1 -1 -3.5582 436.5828 179.1088 455.0999 211.1601 1.6726 0.5192 0.8179 -8.7480 2.0081 38.2823 -3.7818 0.1868
74 -1 Cyclist -1 -1 -4.9176 343.9192 176.1159 359.0154 203.3047 1.7000 0.6061 1.5491 -16.5680 1.9119 46.1299 -5.2609 -1.5253
74 -1 Car -1 -1 -4.9659 671.5346 182.2726 704.2090 204.0854 1.5473 1.6015 3.6064 5.8399 2.2862 54.7269 -4.8607 -1.8023
74 -1 Car -1 -1 -2.2701 334.1350 179.8524 397.2917 204.7402 1.4358 1.5807 3.8186 -15.0237 1.8807 44.2302 -2.5960 -1.8116
74 -1 Car -1 -1 -4.4266 320.3935 179.3931 358.2034 201.6908 1.5460 1.5874 3.8362 -19.9197 2.0453 53.1531 -4.7838 -2.1410
74 -1 Pedestrian -1 -1 -5.4844 1090.0603 205.4327 1148.1483 304.4501 1.1756 0.3771 0.4590 6.2835 1.5933 8.9968 -4.8908 -2.1609
75 -1 Car -1 -1 -4.6225 656.7665 180.4193 689.4954 207.5062 1.6822 1.8043 4.4481 4.2544 2.2148 48.4703 -4.5361 2.1233
75 -1 Pedestrian -1 -1 -4.9417 436.2535 179.6078 448.7223 211.5349 1.6647 0.4750 0.7986 -8.9283 2.0271 38.2811 -5.1698 -0.3905
75 -1 Car -1 -1 -5.3883 319.2196 180.3029 384.9969 205.3697 1.4565 1.6092 4.1342 -16.0462 1.9364 44.7461 -5.7311 -1.1028
75 -1 Car -1 -1 -3.2359 256.2804 179.2031 323.0400 202.5034 1.5045 1.6287 4.0279 -21.8664 1.9521 49.2083 -3.6523 -1.1231
75 -1 Car -1 -1 -4.6134 679.9982 182.5705 705.5853 204.5442 1.5534 1.5935 3.4361 6.2503 2.3118 54.4901 -4.5003 -1.5561
75 -1 Pedestrian -1 -1 -4.3831 669.6440 164.5982 678.4787 186.6224 1.9892 0.5181 0.9659 5.8144 1.2432 65.7142 -4.2955 -1.9771
75 -1 Car -1 -1 -4.0253 365.3843 179.5148 428.3306 205.6511 1.4964 1.5854 3.9355 -13.1182 1.9265 44.5116 -4.3106 -2.1382
75 -1 Cyclist -1 -1 -7.9767 563.7651 179.4832 574.4759 211.9455 1.6532 0.3689 1.5706 -2.1907 2.0083 37.8804 -8.0347 -2.1813
76 -1 Car -1 -1 -4.5563 654.9632 179.9633 692.0917 207.7949 1.7287 1.8143 4.4739 4.2815 2.2291 48.4281 -4.4692 1.7420
76 -1 Pedestrian -1 -1 -2.4182 429.7240 178.2656 449.5177 211.0278 1.7129 0.5365 0.8912 -9.0868 2.0034 38.3189 -2.6500 0.0952
76 -1 Car -1 -1 -5.3676 326.5919 180.2823 390.3328 205.0992 1.4318 1.5687 4.0449 -15.5514 1.9073 44.4515 -5.7026 -0.7680
76 -1 Car -1 -1 -5.1113 942.5963 170.5034 992.9036 194.2793 1.5873 1.6511 4.1279 24.8232 1.4300 50.2770 -4.6553 -1.5672
76 -1 Car -1 -1 -4.6954 681.2990 182.5371 703.1821 204.7337 1.5720 1.5930 3.6860 6.2340 2.3319 54.7163 -4.5831 -1.6982
76 -1 Cyclist -1 -1 -2.4545 459.1098 177.7276 490.2927 209.7744 1.8002 0.6767 1.7224 -7.8136 2.0848 41.4593 -2.6401 -1.9539
77 -1 Car -1 -1 -4.5537 654.8687 179.9615 692.8843 207.7929 1.7297 1.8554 4.5563 4.3153 2.2313 48.5220 -4.4661 1.4155
77 -1 Pedestrian -1 -1 -2.9917 429.3173 178.5814 447.0127 210.7679 1.6921 0.5131 0.8475 -9.1627 1.9983 38.3266 -3.2252 0.0196
77 -1 Car -1 -1 -4.7438 677.0994 182.5548 699.7419 204.2750 1.5383 1.5809 3.7085 5.8880 2.2993 54.7143 -4.6377 -0.9289
77 -1 Car -1 -1 -5.1345 1111.9171 166.8797 1171.0458 192.6656 1.6150 1.6204 3.9700 34.7214 1.2405 47.3003 -4.5044 -1.8714
77 -1 Car -1 -1 -5.4493 324.6809 179.8160 393.2476 205.1260 1.4672 1.6218 4.1539 -15.5216 1.9125 44.4736 -5.7835 -1.9378
77 -1 Car -1 -1 -2.2847 269.3904 178.9599 325.0788 202.3405 1.5461 1.6125 3.5480 -21.7036 1.9816 49.9925 -2.6926 -2.0655
