0 -1 Car 0 0 -1.779933 602.400132 174.171576 684.834784 236.780777 1.609268 1.664986 3.204451 0.831016 1.670731 20.433112 -1.740733 1.0
0 -1 Car 0 0 1.884608 347.927326 180.888194 391.619077 208.229858 1.502824 1.498215 3.098828 -13.859642 1.976193 41.678902 1.565133 1.0
0 -1 Car 0 0 1.734273 423.522417 179.573337 463.232355 206.083055 1.502447 1.674348 4.069765 -10.004502 1.919848 43.449975 1.508902 1.0
0 -1 Car 2 0 2.398603 0.000000 83.933709 51.134395 265.730277 3.500000 2.184227 6.208755 -12.902005 1.778090 12.022000 1.589040 1.0
1 -1 Car 0 0 -1.770886 599.393230 174.331620 680.597763 236.681410 1.609268 1.664986 3.204451 0.732622 1.675081 20.510245 -1.736558 1.0
1 -1 Car 0 0 1.900640 336.815770 180.495593 384.001540 209.459850 1.502824 1.498215 3.098828 -13.606330 1.928482 39.388887 1.569768 1.0
1 -1 Car 0 0 1.748587 414.691266 180.229482 458.262694 208.696956 1.502447 1.674348 4.069765 -9.731982 1.928370 40.603879 1.514413 1.0
2 -1 Car 0 0 -1.761873 596.423712 176.100394 676.410658 238.218447 1.609268 1.664986 3.204451 0.634679 1.722179 20.586932 -1.732382 1.0
2 -1 Car 0 0 1.918163 324.185990 181.242237 375.270969 212.055313 1.502824 1.498215 3.098828 -13.394981 1.945416 37.193721 1.574403 1.0
2 -1 Car 0 0 1.764172 404.454849 180.968975 452.581271 211.727159 1.502447 1.674348 4.069765 -9.459463 1.936892 37.757782 1.519924 1.0
3 -1 Car 0 0 -1.752895 593.476577 177.855903 672.254217 239.742570 1.609268 1.664986 3.204451 0.536736 1.769277 20.663618 -1.728207 1.0
3 -1 Car 0 0 1.936341 310.648845 182.540906 366.099317 215.448398 1.502824 1.498215 3.098828 -13.169013 1.986418 35.046789 1.579038 1.0
3 -1 Car 0 0 1.780464 391.413519 182.380314 444.897462 215.954465 1.502447 1.674348 4.069765 -9.246863 1.977705 34.940158 1.523176 1.0
4 -1 Car 0 0 -1.743951 590.551566 179.598290 668.128116 241.253932 1.609268 1.664986 3.204451 0.438793 1.816374 20.740305 -1.724032 1.0
4 -1 Car 0 0 1.956107 295.263024 184.001677 355.781785 219.305217 1.502824 1.498215 3.098828 -12.943044 2.027421 32.899856 1.583673 1.0
4 -1 Car 0 0 1.798910 375.930716 184.024332 435.946033 220.973666 1.502447 1.674348 4.069765 -9.034263 2.018518 32.122534 1.526428 1.0
5 -1 Car 0 0 -1.737596 588.586718 180.171999 665.265522 241.613994 1.609268 1.664986 3.204451 0.371723 1.832356 20.807325 -1.720927 1.0
5 -1 Car 0 0 1.979381 276.074329 184.248790 342.818514 222.252873 1.502824 1.498215 3.098828 -12.750649 2.004377 30.689887 1.588308 1.0
5 -1 Car 0 0 1.818947 358.203194 184.020940 426.207884 224.787750 1.502447 1.674348 4.069765 -8.786516 1.974847 29.307385 1.529680 1.0
6 -1 Car 0 0 -1.731262 586.634547 180.741950 662.421297 241.971416 1.609268 1.664986 3.204451 0.304653 1.848337 20.874345 -1.717822 1.0
6 -1 Car 0 0 2.005167 253.746444 184.532341 327.942496 225.683110 1.502824 1.498215 3.098828 -12.558254 1.981334 28.479918 1.592943 1.0
6 -1 Car 0 0 1.850147 332.054283 185.254531 411.353682 231.079698 1.502447 1.674348 4.069765 -8.648719 1.978840 26.410437 1.536160 1.0
7 -1 Car 0 0 -1.724948 584.694929 181.308177 659.595270 242.326225 1.609268 1.664986 3.204451 0.237583 1.864319 20.941365 -1.714717 1.0
7 -1 Car 0 1 2.017430 226.792480 186.080018 309.100849 231.148125 1.502824 1.498215 3.098828 -12.397046 2.004723 26.249072 1.579747 1.0
7 -1 Car 0 0 1.886817 298.864598 186.767934 393.126808 239.067350 1.502447 1.674348 4.069765 -8.510922 1.982832 23.513488 1.542639 1.0
8 -1 Car 0 0 -1.718654 582.767741 181.815429 656.787271 242.678448 1.609268 1.664986 3.204451 0.170513 1.880300 21.008384 -1.711612 1.0
8 -1 Car 0 1 2.033599 194.474571 187.896426 286.979901 237.702601 1.502824 1.498215 3.098828 -12.235837 2.028111 24.018225 1.566550 1.0
8 -1 Car 0 0 1.930919 255.347449 188.668539 370.231937 249.542948 1.502447 1.674348 4.069765 -8.373125 1.986825 20.616541 1.549119 1.0
9 -1 Car 0 0 -1.712101 580.651724 181.326702 653.767571 241.912910 1.609268 1.664986 3.204451 0.097173 1.866282 21.074876 -1.708507 1.0
9 -1 FilteredCar 0 2 2.057954 151.335425 187.129816 257.770818 242.514731 1.502824 1.498215 3.098828 -12.133871 1.955290 21.718207 1.553353 1.0
9 -1 Car 0 0 1.989122 194.941947 189.233052 339.817305 261.202818 1.502447 1.674348 4.069765 -8.284945 1.940322 17.781239 1.558333 1.0
10 -1 Car 0 0 -1.705570 578.549047 180.786186 650.766891 241.152700 1.609268 1.664986 3.204451 0.023833 1.852264 21.141367 -1.705402 1.0
10 -1 FilteredCar 0 2 2.110599 96.344238 187.493342 222.948566 249.896743 1.502824 1.498215 3.098828 -12.060004 1.921390 19.464925 1.561748 1.0
10 -1 Car 0 0 2.062113 108.118112 189.986466 299.216613 277.969024 1.502447 1.674348 4.069765 -8.196765 1.893819 14.945937 1.567548 1.0
11 -1 Car 0 0 -1.698698 576.084358 180.177092 647.425779 240.373652 1.609268 1.664986 3.204451 -0.060364 1.836117 21.192124 -1.702442 1.0
11 -1 FilteredCar 2 2 2.171420 25.597759 187.944404 179.735917 259.396155 1.502824 1.498215 3.098828 -11.986137 1.887489 17.211642 1.570143 1.0
11 -1 Car 0 0 2.155402 0.000000 191.088978 238.438588 304.174329 1.502447 1.674348 4.069765 -8.163218 1.847585 12.087231 1.571292 1.0
12 -1 Car 0 0 -1.691844 573.631603 179.570940 644.100436 239.598747 1.609268 1.664986 3.204451 -0.144561 1.819969 21.242881 -1.699481 1.0
12 -1 FilteredCar 2 3 2.242529 0.000000 188.518929 124.685976 271.414050 1.502824 1.498215 3.098828 -11.912271 1.853589 14.958360 1.578539 1.0
12 -1 Car 1 0 2.283013 0.000000 192.751056 146.770647 323.247187 1.502447 1.674348 4.069765 -8.129670 1.801352 9.228525 1.575037 1.0
13 -1 Car 0 0 -1.685009 571.190691 178.967708 640.790756 238.827952 1.609268 1.664986 3.204451 -0.228758 1.803822 21.293638 -1.696521 1.0
13 -1 Car 2 0 2.326612 0.000000 189.275620 52.164273 273.209781 1.502824 1.498215 3.098828 -11.838404 1.819688 12.705078 1.586934 1.0
14 -1 Car 0 0 -1.678193 568.761533 178.367377 637.496635 238.061238 1.609268 1.664986 3.204451 -0.312955 1.787675 21.344396 -1.693561 1.0
15 -1 Car 0 0 -1.671395 566.344042 177.769927 634.217968 237.298572 1.609268 1.664986 3.204451 -0.397152 1.771527 21.395153 -1.690601 1.0
16 -1 Car 0 0 -1.668313 564.255701 176.765570 631.688857 236.168169 1.609268 1.664986 3.204451 -0.465800 1.744002 21.433341 -1.690631 1.0
17 -1 Car 0 0 -1.665242 562.174294 175.765052 629.169419 235.042128 1.609268 1.664986 3.204451 -0.534448 1.716477 21.471529 -1.690660 1.0
18 -1 Car 0 0 -1.658149 561.005954 176.210462 627.157466 235.371117 1.609268 1.664986 3.204451 -0.581963 1.728951 21.509622 -1.685707 1.0
19 -1 Car 0 0 -1.651063 559.842677 176.654419 625.151230 235.698619 1.609268 1.664986 3.204451 -0.629478 1.741425 21.547716 -1.680753 1.0
20 -1 Car 0 0 -1.643985 558.684425 177.096930 623.150699 236.024640 1.609268 1.664986 3.204451 -0.676993 1.753899 21.585809 -1.675800 1.0
21 -1 Car 0 0 -1.638214 559.279456 177.250631 623.045089 236.063759 1.609268 1.664986 3.204451 -0.670116 1.758328 21.621691 -1.669666 1.0
22 -1 Car 0 0 -1.632442 559.873366 177.403900 622.938425 236.102535 1.609268 1.664986 3.204451 -0.663240 1.762757 21.657573 -1.663531 1.0
23 -1 Car 0 0 -1.626669 560.466155 177.556738 622.830723 236.140972 1.609268 1.664986 3.204451 -0.656363 1.767186 21.693455 -1.657397 1.0
24 -1 Car 0 0 -1.620894 561.057822 177.709145 622.722003 236.179071 1.609268 1.664986 3.204451 -0.649487 1.771614 21.729336 -1.651262 1.0
25 -1 Car 0 0 -1.618524 562.043502 176.844247 623.340599 235.178527 1.609268 1.664986 3.204451 -0.626059 1.747573 21.771720 -1.647762 1.0
26 -1 Car 0 0 -1.616149 563.025648 175.982685 623.956385 234.182378 1.609268 1.664986 3.204451 -0.602632 1.723531 21.814104 -1.644262 1.0
27 -1 Car 0 0 -1.613771 564.004281 175.124442 624.569378 233.190598 1.609268 1.664986 3.204451 -0.579204 1.699489 21.856488 -1.640762 1.0
28 -1 Car 0 0 -1.611388 564.979421 174.269501 625.179594 232.203159 1.609268 1.664986 3.204451 -0.555777 1.675448 21.898871 -1.637261 1.0
29 -1 Car 0 0 -1.607442 566.628622 173.874267 626.292183 231.662313 1.609268 1.664986 3.204451 -0.514348 1.664307 21.945924 -1.631394 1.0
30 -1 Car 0 0 -1.603489 567.968444 173.480670 627.399073 231.124044 1.609268 1.664986 3.204451 -0.472919 1.653166 21.992977 -1.625527 1.0
31 -1 Car 0 0 -1.600649 570.082270 173.097448 629.383254 230.597149 1.609268 1.664986 3.204451 -0.406426 1.642274 22.040021 -1.619659 1.0
32 -1 Car 0 0 -1.592273 570.144600 174.690987 629.275954 232.001327 1.609268 1.664986 3.204451 -0.393894 1.687630 22.104905 -1.610690 1.0
33 -1 Car 0 0 -1.585010 571.088444 176.284497 630.044685 233.404093 1.609268 1.664986 3.204451 -0.356297 1.733234 22.169780 -1.601722 1.0
34 -1 Car 0 0 -1.577736 572.011307 176.190514 630.788307 233.112237 1.609268 1.664986 3.204451 -0.319209 1.730747 22.235158 -1.592753 1.0
35 -1 Car 0 0 -1.570453 572.930176 176.097104 631.525233 232.822073 1.609268 1.664986 3.204451 -0.282120 1.728261 22.300536 -1.583784 1.0
36 -1 Car 0 0 -1.578991 574.194574 175.665107 632.584489 232.208351 1.609268 1.664986 3.204451 -0.261256 1.716212 22.371758 -1.591354 1.0
37 -1 Car 0 0 -1.587523 575.452807 175.236366 633.634036 231.598224 1.609268 1.664986 3.204451 -0.240393 1.704163 22.442980 -1.598925 1.0
38 -1 Car 0 0 -1.596049 576.704894 174.810850 634.673945 230.991665 1.609268 1.664986 3.204451 -0.219529 1.692114 22.514202 -1.606495 1.0
39 -1 Car 0 0 -1.595607 577.154756 175.145566 634.881256 231.089503 1.609268 1.664986 3.204451 -0.208965 1.702109 22.602519 -1.605557 1.0
40 -1 Car 0 0 -1.595161 577.600843 175.477512 635.086822 231.186511 1.609268 1.664986 3.204451 -0.198401 1.712105 22.690836 -1.604618 1.0
41 -1 Car 0 0 -1.594711 578.043203 175.806722 635.290663 231.282698 1.609268 1.664986 3.204451 -0.187837 1.722100 22.779153 -1.603679 1.0
42 -1 Car 0 0 -1.594258 578.481883 176.133229 635.492801 231.378075 1.609268 1.664986 3.204451 -0.177273 1.732095 22.867470 -1.602740 1.0
43 -1 Car 0 0 -1.593800 578.916928 176.457068 635.693257 231.472651 1.609268 1.664986 3.204451 -0.166709 1.742090 22.955787 -1.601801 1.0
44 -1 Car 0 0 -1.592363 578.584810 176.876071 635.123124 231.658205 1.609268 1.664986 3.204451 -0.178938 1.755012 23.046583 -1.600863 1.0
45 -1 Car 0 0 -1.590929 578.255540 177.291581 634.557721 231.842175 1.609268 1.664986 3.204451 -0.191167 1.767933 23.137379 -1.599924 1.0
46 -1 Car 0 0 -1.589498 577.929084 177.703641 633.996990 232.024583 1.609268 1.664986 3.204451 -0.203395 1.780855 23.228175 -1.598985 1.0
47 -1 Car 0 0 -1.588842 578.216626 178.116197 634.035797 232.194316 1.609268 1.664986 3.204451 -0.197492 1.793938 23.325008 -1.598046 1.0
48 -1 Car 0 0 -1.586796 577.381636 177.458501 633.002038 231.337993 1.609268 1.664986 3.204451 -0.224642 1.774588 23.403612 -1.597107 1.0
49 -1 Car 0 0 -1.585751 577.352462 178.213708 632.760979 231.886874 1.609268 1.664986 3.204451 -0.227778 1.798060 23.487525 -1.596169 1.0
50 -1 Car 0 0 -1.584707 577.323538 178.963213 632.521714 232.431518 1.609268 1.664986 3.204451 -0.230915 1.821533 23.571438 -1.595230 1.0
51 -1 Car 0 0 -1.583663 577.294860 179.707081 632.284224 232.971974 1.609268 1.664986 3.204451 -0.234051 1.845006 23.655351 -1.594291 1.0
52 -1 Car 0 0 -1.581221 576.137520 178.927305 630.958074 232.022834 1.609268 1.664986 3.204451 -0.271124 1.821695 23.724127 -1.593352 1.0
53 -1 Car 0 0 -1.578788 574.987456 178.152297 629.640013 231.079641 1.609268 1.664986 3.204451 -0.308197 1.798384 23.792904 -1.592413 1.0
54 -1 Car 0 0 -1.576363 573.844601 177.382015 628.329968 230.142341 1.609268 1.664986 3.204451 -0.345270 1.775073 23.861681 -1.591475 1.0
55 -1 Car 0 0 -1.573946 572.708887 176.616415 627.027866 229.210878 1.609268 1.664986 3.204451 -0.382343 1.751762 23.930457 -1.590536 1.0
56 -1 Car 0 0 -1.571747 571.116465 175.725271 625.301926 228.187019 1.609268 1.664986 3.204451 -0.434424 1.724360 23.986001 -1.590432 1.0
57 -1 Car 0 0 -1.569557 569.531938 174.838525 623.584510 227.168239 1.609268 1.664986 3.204451 -0.486505 1.696959 24.041545 -1.590328 1.0
58 -1 Car 0 0 -1.568558 568.925217 177.509749 622.825392 229.696961 1.609268 1.664986 3.204451 -0.508800 1.780575 24.105223 -1.590223 1.0
59 -1 Car 0 0 -1.567851 568.552295 180.677482 622.300596 232.743205 1.609268 1.664986 3.204451 -0.523891 1.880821 24.168971 -1.590119 1.0
60 -1 Car 0 0 -1.567147 568.181477 183.454098 621.778751 235.772254 1.609268 1.664986 3.204451 -0.538983 1.981067 24.232719 -1.590015 1.0
61 -1 Car 0 0 -1.565163 566.759008 181.911201 620.203894 233.858179 1.609268 1.664986 3.204451 -0.587297 1.926565 24.297694 -1.589911 1.0
62 -1 Car 0 0 -1.563508 565.530216 173.751532 618.816907 225.333149 1.609268 1.664986 3.204451 -0.629926 1.663498 24.365459 -1.589807 1.0
62 -1 Car 0 0 1.660989 527.807037 172.885586 545.025456 186.281394 1.398239 1.512299 3.701596 -7.939579 1.429235 78.012277 1.559644 1.0
63 -1 Car 0 0 -1.562339 564.756584 172.632091 617.882889 224.055292 1.609268 1.664986 3.204451 -0.658457 1.628104 24.434438 -1.589703 1.0
63 -1 Car 0 0 1.661213 524.579193 169.732921 542.518814 183.689404 1.398239 1.512299 3.701596 -7.925459 1.109644 74.944205 1.555995 1.0
64 -1 Car 0 0 -1.561175 563.987617 171.519373 616.954486 222.785146 1.609268 1.664986 3.204451 -0.686989 1.592710 24.503416 -1.589599 1.0
64 -1 Car 0 0 1.661763 521.132713 173.229048 539.866517 187.800363 1.398239 1.512299 3.701596 -7.904237 1.462393 71.869105 1.552347 1.0
65 -1 Car 0 0 -1.560978 564.012525 175.321063 616.845850 226.465246 1.609268 1.664986 3.204451 -0.689690 1.713758 24.561327 -1.589495 1.0
65 -1 Car 0 0 1.661571 518.228045 179.263702 537.797044 194.508946 1.398239 1.512299 3.701596 -7.803262 2.021005 68.793267 1.548698 1.0
66 -1 Car 0 0 -1.560782 564.037308 179.103681 616.737758 230.126792 1.609268 1.664986 3.204451 -0.692392 1.834805 24.619238 -1.589391 1.0
66 -1 Car 0 0 1.666229 514.635695 182.137164 535.300213 198.200924 1.398239 1.512299 3.701596 -7.735941 2.256726 65.754685 1.549188 1.0
66 -1 Car 0 1 1.626279 555.792390 180.276103 572.602209 193.712463 1.460673 1.657886 4.048741 -5.147139 2.307699 81.406680 1.562967 1.0
67 -1 Car 0 0 -1.559179 562.909909 178.760604 615.501838 229.677014 1.609268 1.664986 3.204451 -0.731291 1.824234 24.667049 -1.589286 1.0
67 -1 Car 0 0 1.674438 510.456859 181.356584 532.471010 198.174317 1.398239 1.512299 3.701596 -7.683034 2.147851 62.719474 1.552663 1.0
67 -1 Car 0 1 1.628842 553.902776 179.044943 571.566043 193.101810 1.460673 1.657886 4.048741 -5.083440 2.142107 77.899865 1.563537 1.0
68 -1 Car 0 0 -1.559813 563.539094 176.802929 615.966852 227.556425 1.609268 1.664986 3.204451 -0.715610 1.761952 24.739147 -1.589182 1.0
68 -1 Car 0 0 1.683118 505.839956 180.498536 529.362406 198.144910 1.398239 1.512299 3.701596 -7.630127 2.038976 59.684264 1.556137 1.0
68 -1 Car 0 1 1.631592 551.830089 177.694486 570.434772 192.431980 1.460673 1.657886 4.048741 -5.019741 1.976514 74.393049 1.564106 1.0
69 -1 Car 0 0 -1.560443 564.164366 174.857384 616.428983 225.449033 1.609268 1.664986 3.204451 -0.699929 1.699670 24.811245 -1.589078 1.0
69 -1 Car 0 0 1.692347 500.712276 179.489755 525.930880 198.112240 1.398239 1.512299 3.701596 -7.577221 1.930101 56.649054 1.559612 1.0
69 -1 Car 0 1 1.634556 549.546369 176.206513 569.194672 191.693935 1.460673 1.657886 4.048741 -4.956042 1.810922 70.886234 1.564675 1.0
69 -1 Cyclist 0 0 1.846606 369.783128 176.414935 389.340564 208.387601 1.716032 0.503808 1.948497 -12.734693 1.921143 39.821032 1.538658 1.0
70 -1 Car 0 0 -1.561068 564.785762 172.923856 616.888257 223.354716 1.609268 1.664986 3.204451 -0.684248 1.637389 24.883343 -1.588974 1.0
70 -1 Car 0 0 1.702213 494.984070 178.362621 522.123376 198.075733 1.398239 1.512299 3.701596 -7.524314 1.821226 53.613843 1.563086 1.0
70 -1 Car 0 1 1.637768 547.017658 174.558890 567.829246 190.876694 1.460673 1.657886 4.048741 -4.892343 1.645329 67.379419 1.565245 1.0
70 -1 Cyclist 0 0 1.860859 358.084661 175.574493 379.192884 209.167133 1.716032 0.503808 1.948497 -12.710909 1.868788 37.946953 1.539393 1.0
71 -1 Car 0 0 -1.559038 564.700807 173.760578 616.657545 224.050154 1.609268 1.664986 3.204451 -0.687991 1.664491 24.948367 -1.587032 1.0
71 -1 Car 0 0 1.716317 488.419012 177.865758 517.921877 198.803657 1.398239 1.512299 3.701596 -7.474368 1.764386 50.581559 1.569992 1.0
71 -1 Car 0 1 1.637985 544.673201 175.029384 566.614217 192.250973 1.460673 1.657886 4.048741 -4.800775 1.677657 63.951003 1.563025 1.0
71 -1 Cyclist 0 0 1.876365 345.137518 174.644364 368.018717 210.029913 1.716032 0.503808 1.948497 -12.687126 1.816433 36.072874 1.540127 1.0
72 -1 Car 0 0 -1.557009 564.616440 174.592779 616.427980 224.741621 1.609268 1.664986 3.204451 -0.691734 1.691594 25.013391 -1.585090 1.0
72 -1 Car 0 0 1.707475 481.588749 180.085457 512.546526 202.419927 1.398239 1.512299 3.701596 -7.427195 1.884277 47.547986 1.552964 1.0
72 -1 Car 0 0 1.638476 542.053903 175.554974 565.266027 193.786435 1.460673 1.657886 4.048741 -4.709207 1.709985 60.522587 1.560806 1.0
72 -1 Cyclist 0 0 1.893416 330.602485 176.085631 355.613890 213.597102 1.716032 0.503808 1.948497 -12.625288 1.877691 34.085110 1.540861 1.0
73 -1 Car 0 0 -1.554980 564.532657 175.420497 616.199553 225.429152 1.609268 1.664986 3.204451 -0.695478 1.718697 25.078416 -1.583148 1.0
73 -1 Car 0 0 1.721217 473.540996 181.017432 507.433975 204.981053 1.398239 1.512299 3.701596 -7.357683 1.911690 44.520971 1.557963 1.0
73 -1 Car 0 0 1.639290 539.108414 176.145938 563.761527 195.513200 1.460673 1.657886 4.048741 -4.617639 1.742313 57.094171 1.558586 1.0
73 -1 Cyclist 0 0 1.912239 314.211796 177.710850 341.718186 217.619971 1.716032 0.503808 1.948497 -12.563449 1.938949 32.097346 1.541595 1.0
74 -1 Car 0 0 -1.553740 565.046117 174.458628 616.567046 224.323260 1.609268 1.664986 3.204451 -0.679797 1.687488 25.144292 -1.581206 1.0
74 -1 Car 0 0 1.736194 464.266586 182.041734 501.606206 207.932819 1.398239 1.512299 3.701596 -7.288170 1.939103 41.493956 1.562962 1.0
74 -1 Car 0 0 1.640487 535.771744 176.815281 562.071870 197.469397 1.460673 1.657886 4.048741 -4.526071 1.774641 53.665756 1.556367 1.0
74 -1 Cyclist 0 0 1.933124 295.585858 179.557639 326.045649 222.191790 1.716032 0.503808 1.948497 -12.501610 2.000207 30.109582 1.542329 1.0
75 -1 Car 0 0 -1.552495 565.575674 175.407237 616.952787 225.132778 1.609268 1.664986 3.204451 -0.663458 1.718686 25.209517 -1.579265 1.0
75 -1 Car 0 0 1.752686 453.461840 183.219962 494.901926 211.371975 1.398239 1.512299 3.701596 -7.218657 1.966515 38.466941 1.567962 1.0
75 -1 Car 0 0 1.642145 531.960410 177.579703 560.160646 199.704004 1.460673 1.657886 4.048741 -4.434504 1.806969 50.237341 1.554147 1.0
75 -1 Cyclist 0 0 1.957602 273.196946 180.568890 307.216826 226.257570 1.716032 0.503808 1.948497 -12.497795 2.020255 28.162545 1.543064 1.0
76 -1 Car 0 0 -1.553386 565.828880 173.967810 617.078565 223.568366 1.609268 1.664986 3.204451 -0.659783 1.671635 25.268502 -1.579931 1.0
76 -1 Car 0 0 1.762380 439.208944 183.674055 485.105648 214.471177 1.398239 1.512299 3.701596 -7.222751 1.945464 35.376745 1.561965 1.0
76 -1 Car 0 0 1.651663 526.353914 177.739128 557.259646 201.591256 1.460673 1.657886 4.048741 -4.398929 1.793907 46.743592 1.557928 1.0
76 -1 Cyclist 0 0 1.984968 247.356264 181.654695 285.692034 230.950630 1.716032 0.503808 1.948497 -12.493980 2.040302 26.215507 1.543798 1.0
77 -1 Car 0 0 -1.554275 566.093951 173.853230 617.217777 223.332066 1.609268 1.664986 3.204451 -0.655650 1.667960 25.327033 -1.580597 1.0
77 -1 Car 0 0 1.774921 422.059277 184.210186 473.538248 218.200703 1.398239 1.512299 3.701596 -7.226846 1.924412 32.286549 1.555968 1.0
77 -1 Car 0 0 1.662094 519.798480 177.925587 553.910407 203.798127 1.460673 1.657886 4.048741 -4.363354 1.780844 43.249844 1.561708 1.0
77 -1 Cyclist 0 0 2.015740 217.198884 182.905016 260.847598 236.428272 1.716032 0.503808 1.948497 -12.490165 2.060350 24.268470 1.544532 1.0
78 -1 Car 0 0 -1.555164 566.407313 178.723233 617.409540 228.091635 1.609268 1.664986 3.204451 -0.649780 1.828749 25.383846 -1.581264 1.0
78 -1 Car 0 0 1.795942 401.931912 189.455348 460.907010 227.975740 1.398239 1.512299 3.701596 -7.192596 2.102159 29.217270 1.556110 1.0
78 -1 Car 0 0 1.674058 512.801385 182.933025 550.734332 211.427673 1.460673 1.657886 4.048741 -4.292585 2.033074 39.813456 1.566832 1.0
78 -1 Cyclist 0 0 2.051083 180.990055 188.855283 231.411401 247.899981 1.716032 0.503808 1.948497 -12.484021 2.224866 22.289871 1.545266 1.0
79 -1 Car 0 0 -1.556580 567.131917 183.019189 618.006857 232.612761 1.609268 1.664986 3.204451 -0.630439 1.982646 25.443563 -1.581930 1.0
79 -1 Car 0 0 1.821517 376.721057 195.849369 445.507678 240.221105 1.398239 1.512299 3.701596 -7.158347 2.279905 26.147991 1.556252 1.0
79 -1 Car 0 0 1.687290 504.407513 188.569947 546.988670 220.581529 1.460673 1.657886 4.048741 -4.221817 2.285305 36.377069 1.571956 1.0
79 -1 Cyclist 0 0 2.091398 137.377635 195.910481 196.504450 261.719481 1.716032 0.503808 1.948497 -12.477876 2.389383 20.311272 1.546000 1.0
80 -1 Car 0 0 -1.557992 567.804210 182.776584 618.548822 232.210364 1.609268 1.664986 3.204451 -0.612811 1.974378 25.504975 -1.582597 1.0
80 -1 Car 0 0 1.855854 344.965750 196.829673 427.184309 247.704445 1.398239 1.512299 3.701596 -7.108896 2.217138 23.112773 1.560050 1.0
80 -1 Car 0 0 1.700820 493.465352 188.310319 541.750539 223.869193 1.460673 1.657886 4.048741 -4.181240 2.197441 32.919079 1.574840 1.0
80 -1 Cyclist 0 0 2.138259 83.106894 197.848161 153.874204 271.474347 1.716032 0.503808 1.948497 -12.473003 2.377312 18.310477 1.546735 1.0
81 -1 Car 0 0 -1.559401 568.470446 182.300374 619.085124 231.543355 1.609268 1.664986 3.204451 -0.595277 1.957263 25.566479 -1.583263 1.0
81 -1 Car 0 0 1.898456 302.652024 198.081352 403.785023 257.678027 1.398239 1.512299 3.701596 -7.059445 2.154371 20.077556 1.563849 1.0
81 -1 Car 0 0 1.716785 479.769589 187.993650 535.360700 227.984706 1.460673 1.657886 4.048741 -4.140664 2.109578 29.461089 1.577724 1.0
81 -1 Cyclist 0 0 2.192505 14.690069 200.233814 101.378044 283.774869 1.716032 0.503808 1.948497 -12.468131 2.365241 16.309682 1.547469 1.0
82 -1 Car 0 0 -1.560348 568.739556 180.754378 619.274920 229.711496 1.609268 1.664986 3.204451 -0.589514 1.899389 25.604220 -1.583929 1.0
82 -1 Car 0 0 1.953020 243.463677 199.735187 372.861727 271.632983 1.398239 1.512299 3.701596 -7.009994 2.091605 17.042339 1.567647 1.0
82 -1 Car 0 0 1.736122 462.131107 187.598819 527.392469 233.285799 1.460673 1.657886 4.048741 -4.100087 2.021714 26.003099 1.580608 1.0
82 -1 Car 2 0 -1.807101 789.620451 170.933882 826.435289 192.685702 1.971082 2.162266 5.313860 18.804365 1.833957 68.780642 -1.541669 1.0
82 -1 Cyclist 1 0 2.255123 0.000000 199.225146 35.247239 286.444164 1.716032 0.503808 1.948497 -12.470865 2.268383 14.321634 1.547791 1.0
83 -1 Car 0 0 -1.561294 569.015539 179.812038 619.472356 228.657685 1.609268 1.664986 3.204451 -0.583481 1.867219 25.641692 -1.584596 1.0
83 -1 Car 0 0 2.018930 155.219352 201.988998 328.844140 292.144150 1.398239 1.512299 3.701596 -6.997708 2.030330 14.061573 1.564132 1.0
83 -1 Car 0 0 1.752485 438.905897 187.293504 516.416006 240.492119 1.460673 1.657886 4.048741 -4.076339 1.941578 22.595058 1.575325 1.0
83 -1 Car 2 0 -1.812713 793.374663 169.158273 831.355102 191.410734 1.971082 2.162266 5.313860 18.798282 1.678860 67.295585 -1.541779 1.0
84 -1 Car 0 0 -1.562238 569.282468 178.015189 619.660337 226.782229 1.609268 1.664986 3.204451 -0.577737 1.807555 25.679452 -1.585262 1.0
84 -1 Car 0 0 2.112723 9.992542 205.278975 264.566934 325.921228 1.398239 1.512299 3.701596 -6.985422 1.969055 11.080807 1.560617 1.0
84 -1 Car 0 0 1.776157 406.455894 186.890320 501.916423 250.563527 1.460673 1.657886 4.048741 -4.052591 1.861442 19.187016 1.570041 1.0
84 -1 Car 2 1 -1.818554 797.291618 167.299154 836.506377 190.075832 1.971082 2.162266 5.313860 18.792199 1.523764 65.810528 -1.541890 1.0
84 -1 Car 0 0 -1.892191 828.118893 159.567451 884.506207 191.915386 2.320840 2.297111 5.869147 18.728536 1.400345 55.226056 -1.567156 1.0
85 -1 Car 0 0 -1.563200 569.525811 174.596732 619.866183 223.322387 1.609268 1.664986 3.204451 -0.571658 1.693383 25.697444 -1.585929 1.0
85 -1 Car 1 0 2.251813 0.000000 210.532923 161.862572 360.370745 1.398239 1.512299 3.701596 -6.973136 1.907781 8.100041 1.557102 1.0
85 -1 Car 0 0 1.811507 357.922236 186.333200 481.873798 265.632645 1.460673 1.657886 4.048741 -4.028843 1.781306 15.778975 1.564757 1.0
85 -1 Car 2 1 -1.824639 801.382131 165.350492 841.905840 188.676670 1.971082 2.162266 5.313860 18.786117 1.368667 64.325470 -1.542001 1.0
85 -1 Car 0 0 -1.901007 834.065305 157.923621 892.825468 191.227750 2.320840 2.297111 5.869147 18.741139 1.312248 53.723664 -1.567348 1.0
86 -1 Car 0 0 -1.564161 569.813004 175.602939 620.119097 224.297953 1.609268 1.664986 3.204451 -0.564017 1.727100 25.713890 -1.586595 1.0
86 -1 Car 0 0 1.864445 281.217839 189.272716 453.649867 294.656697 1.460673 1.657886 4.048741 -4.005491 1.779074 12.492029 1.559473 1.0
86 -1 Car 2 1 -1.830787 805.539449 165.711991 847.443880 189.613837 1.971082 2.162266 5.313860 18.768799 1.414278 62.838703 -1.542111 1.0
86 -1 Car 0 1 -1.910262 840.349030 157.265550 901.667930 191.585008 2.320840 2.297111 5.869147 18.754526 1.298379 52.220496 -1.567539 1.0
87 -1 Car 0 0 -1.565121 570.101649 176.789462 620.373592 225.454424 1.609268 1.664986 3.204451 -0.556311 1.766902 25.730272 -1.587261 1.0
87 -1 Car 0 0 1.952883 134.251304 193.926123 408.945917 350.324642 1.460673 1.657886 4.048741 -3.982140 1.776841 9.205084 1.554189 1.0
87 -1 Car 2 0 -1.837203 809.889749 166.091805 853.262590 190.598458 1.971082 2.162266 5.313860 18.751482 1.459889 61.351936 -1.542222 1.0
87 -1 Car 0 1 -1.919988 846.984711 156.566102 911.066658 191.964745 2.320840 2.297111 5.869147 18.767914 1.284511 50.717328 -1.567731 1.0
88 -1 Car 0 0 -1.566082 570.387087 177.690512 620.624673 226.324833 1.609268 1.664986 3.204451 -0.548706 1.797194 25.746754 -1.587928 1.0
88 -1 Car 1 0 2.118532 0.000000 202.409177 327.378810 374.000000 1.460673 1.657886 4.048741 -3.958788 1.774608 5.918139 1.548905 1.0
88 -1 Car 2 1 -1.803712 784.639261 170.653147 816.084681 189.484665 1.776651 1.872775 4.979491 18.754482 1.602420 71.308237 -1.547853 1.0
88 -1 Car 2 0 -1.844029 814.526668 165.234568 859.468917 190.377025 1.971082 2.162266 5.313860 18.741943 1.405832 59.868167 -1.542333 1.0
88 -1 Car 0 1 -1.930220 854.002768 155.821248 921.075847 192.369150 2.320840 2.297111 5.869147 18.781301 1.270642 49.214160 -1.567922 1.0
89 -1 Car 0 0 -1.566580 570.301658 177.471341 620.504686 226.072619 1.609268 1.664986 3.204451 -0.553521 1.789965 25.763425 -1.588594 1.0
89 -1 Car 1 0 2.454599 0.000000 216.529568 145.638643 374.000000 1.460673 1.657886 4.048741 -3.933415 1.740535 2.774415 1.543621 1.0
89 -1 Car 2 1 -1.809059 788.138157 169.557838 820.565289 188.812863 1.776651 1.872775 4.979491 18.738732 1.504866 69.795438 -1.548113 1.0
89 -1 Car 2 1 -1.851165 819.388833 164.331680 866.005870 190.143806 1.971082 2.162266 5.313860 18.732405 1.351775 58.384399 -1.542443 1.0
89 -1 Car 0 0 -1.940998 861.437234 155.026417 931.756968 192.800707 2.320840 2.297111 5.869147 18.794688 1.256773 47.710992 -1.568114 1.0
90 -1 Car 0 0 -1.567079 570.216354 177.252482 620.384859 225.820740 1.609268 1.664986 3.204451 -0.558335 1.782736 25.780096 -1.589261 1.0
90 -1 Car 2 1 -1.814617 791.786570 168.412168 825.251968 188.110173 1.776651 1.872775 4.979491 18.722981 1.407312 68.282640 -1.548373 1.0
90 -1 Car 2 1 -1.858632 824.493066 163.379396 872.900594 189.897835 1.971082 2.162266 5.313860 18.722867 1.297718 56.900630 -1.542554 1.0
90 -1 Car 0 0 -1.952364 869.326301 154.176406 943.180034 193.262245 2.320840 2.297111 5.869147 18.808075 1.242905 46.207824 -1.568306 1.0
91 -1 Car 0 0 -1.567422 569.994041 176.551753 620.151905 225.109085 1.609268 1.664986 3.204451 -0.567119 1.759256 25.785294 -1.589927 1.0
91 -1 Car 2 1 -1.820397 795.594294 167.212582 830.159270 187.374416 1.776651 1.872775 4.979491 18.707230 1.309757 66.769841 -1.548633 1.0
91 -1 Car 0 0 -1.866453 829.857906 162.373547 880.183283 189.638037 1.971082 2.162266 5.313860 18.713329 1.243662 55.416862 -1.542665 1.0
91 -1 Car 0 1 -1.965211 878.303267 152.436497 956.295533 193.030264 2.320840 2.297111 5.869147 18.821211 1.184013 44.599279 -1.568497 1.0
92 -1 Car 0 0 -1.567766 569.771825 175.851358 619.919050 224.397702 1.609268 1.664986 3.204451 -0.575904 1.735776 25.790492 -1.590593 1.0
92 -1 Car 2 1 -1.826414 799.571995 165.955182 835.303147 186.603200 1.776651 1.872775 4.979491 18.691480 1.212203 65.257042 -1.548893 1.0
92 -1 Car 0 0 -1.874652 835.503834 161.309484 887.887633 189.363213 1.971082 2.162266 5.313860 18.703791 1.189605 53.933093 -1.542775 1.0
92 -1 Car 0 1 -1.977378 886.792702 150.628932 968.991668 192.753189 2.320840 2.297111 5.869147 18.799249 1.126234 43.084387 -1.568689 1.0
93 -1 Car 0 0 -1.568109 569.549707 175.151297 619.686295 223.686593 1.609268 1.664986 3.204451 -0.584688 1.712296 25.795690 -1.591260 1.0
93 -1 Car 2 1 -1.832683 803.731315 164.635685 840.701130 185.793898 1.776651 1.872775 4.979491 18.675729 1.114649 63.744244 -1.549153 1.0
93 -1 Car 0 1 -1.883596 841.696547 160.952209 896.394557 189.880619 1.971082 2.162266 5.313860 18.691211 1.189801 52.382130 -1.542886 1.0
93 -1 Car 0 1 -1.990277 895.859793 148.679728 982.683284 192.454385 2.320840 2.297111 5.869147 18.777287 1.068456 41.569495 -1.568880 1.0
94 -1 Car 0 0 -1.566631 568.865880 176.093250 619.078468 224.702866 1.609268 1.664986 3.204451 -0.604506 1.743757 25.759267 -1.590586 1.0
94 -1 Car 0 1 -1.838826 807.804265 164.252665 846.039008 185.929805 1.776651 1.872775 4.979491 18.647479 1.099617 62.277594 -1.549421 1.0
94 -1 FilteredCar 0 2 -1.893016 848.248068 160.571927 905.449498 190.431320 1.971082 2.162266 5.313860 18.678632 1.189998 50.831166 -1.542997 1.0
94 -1 Car 0 0 -2.003970 905.565578 146.571557 997.492241 192.131193 2.320840 2.297111 5.869147 18.755325 1.010677 40.054603 -1.569072 1.0
95 -1 Car 0 0 -1.565150 568.180032 177.038090 618.468766 225.722163 1.609268 1.664986 3.204451 -0.624324 1.775218 25.722845 -1.589913 1.0
95 -1 Car 0 1 -1.845604 812.210168 164.548409 851.829508 186.779982 1.776651 1.872775 4.979491 18.625168 1.141302 60.785520 -1.549871 1.0
95 -1 Car 0 1 -1.902949 855.190512 160.166344 915.107175 191.018637 1.971082 2.162266 5.313860 18.666053 1.190194 49.280203 -1.543107 1.0
95 -1 Car 0 0 -2.018530 915.980003 144.284147 1013.561131 191.780499 2.320840 2.297111 5.869147 18.733364 0.952899 38.539711 -1.569264 1.0
96 -1 Car 0 0 -1.563359 567.239969 176.797410 617.604589 225.553207 1.609268 1.664986 3.204451 -0.652577 1.766954 25.686686 -1.589239 1.0
96 -1 Car 0 1 -1.852674 816.828802 164.859685 857.924208 187.674818 1.776651 1.872775 4.979491 18.602857 1.182987 59.293445 -1.550321 1.0
96 -1 Car 0 0 -1.913437 862.559944 159.732846 925.429840 191.646346 1.971082 2.162266 5.313860 18.653474 1.190391 47.729239 -1.543218 1.0
96 -1 FilteredCar 0 2 -2.034209 927.324799 141.593615 1031.228806 191.201043 2.320840 2.297111 5.869147 18.718458 0.885739 37.023074 -1.569455 1.0
97 -1 Car 0 0 -1.561564 566.297135 176.555995 616.737762 225.383749 1.609268 1.664986 3.204451 -0.680830 1.758690 25.650527 -1.588566 1.0
97 -1 Car 0 1 -1.860578 822.012031 162.656645 864.799670 186.134454 1.776651 1.872775 4.979491 18.576201 1.032189 57.691177 -1.550771 1.0
97 -1 Car 0 0 -1.925913 869.986952 157.329414 936.143289 190.370850 1.971082 2.162266 5.313860 18.622118 1.073349 46.191649 -1.545130 1.0
97 -1 Car 0 1 -2.050933 939.564254 138.652760 1050.541481 190.567624 2.320840 2.297111 5.869147 18.703552 0.818579 35.506438 -1.569647 1.0
98 -1 Car 0 0 -1.559729 565.312295 176.391311 615.850805 225.312466 1.609268 1.664986 3.204451 -0.709755 1.752958 25.604034 -1.587892 1.0
98 -1 Car 0 1 -1.889443 808.136146 169.379281 841.875451 185.973256 1.360240 1.504688 4.208781 18.390384 1.102569 61.919943 -1.602263 1.0
98 -1 Car 0 1 -1.868869 827.478694 160.321935 872.086206 184.502008 1.776651 1.872775 4.979491 18.549545 0.881392 56.088908 -1.551220 1.0
98 -1 Car 0 0 -1.939014 877.896936 154.750214 947.640503 189.001887 1.971082 2.162266 5.313860 18.590762 0.956307 44.654059 -1.547042 1.0
98 -1 Car 0 0 -2.068803 952.808542 135.424942 1071.740117 189.872337 2.320840 2.297111 5.869147 18.688646 0.751419 33.989801 -1.569838 1.0
99 -1 Car 0 0 -1.557889 564.305575 174.399911 614.940906 223.410187 1.609268 1.664986 3.204451 -0.739321 1.686516 25.558174 -1.587219 1.0
99 -1 Car 0 1 -1.895835 812.504476 167.012490 847.469934 184.050269 1.360240 1.504688 4.208781 18.337705 0.918905 60.353763 -1.602408 1.0
99 -1 Car 0 1 -1.876223 832.260251 159.573167 878.659507 184.458627 1.776651 1.872775 4.979491 18.469979 0.853737 54.569298 -1.551670 1.0
99 -1 Car 0 0 -1.953104 886.587713 153.418351 960.347330 188.997110 1.971082 2.162266 5.313860 18.563797 0.920989 43.086701 -1.548953 1.0
99 -1 Car 0 0 -2.087927 967.186701 131.866005 1095.115152 189.105650 2.320840 2.297111 5.869147 18.673740 0.684260 32.473164 -1.570030 1.0
100 -1 Car 0 0 -1.556045 563.323394 175.262124 614.057899 224.369198 1.609268 1.664986 3.204451 -0.767884 1.715018 25.511323 -1.586545 1.0
100 -1 Car 0 1 -1.903022 817.521839 168.300206 853.830241 185.810943 1.360240 1.504688 4.208781 18.320221 1.032835 58.785479 -1.602553 1.0
100 -1 Car 0 1 -1.883936 837.303357 158.779405 885.627940 184.412638 1.776651 1.872775 4.979491 18.390414 0.826082 53.049688 -1.552120 1.0
100 -1 Car 0 0 -1.967968 895.895454 151.979206 974.078160 188.991944 1.971082 2.162266 5.313860 18.536832 0.885671 41.519343 -1.550865 1.0
100 -1 Car 0 0 -2.109843 984.021681 129.956220 1122.823370 190.460003 2.320840 2.297111 5.869147 18.673388 0.700804 30.878517 -1.570222 1.0
101 -1 Car 0 0 -1.555064 563.003594 177.994025 613.896026 227.258341 1.609268 1.664986 3.204451 -0.772631 1.805129 25.436929 -1.585872 1.0
101 -1 Car 0 1 -1.910561 822.804547 169.661146 860.552313 187.671863 1.360240 1.504688 4.208781 18.302736 1.146766 57.217194 -1.602698 1.0
101 -1 Car 0 1 -1.893419 843.731050 159.878162 894.245185 186.306428 1.776651 1.872775 4.979491 18.392394 0.930462 51.527181 -1.552570 1.0
101 -1 Car 0 1 -1.977155 906.796614 152.434365 989.357664 190.991035 1.971082 2.162266 5.313860 18.552203 0.954260 39.964115 -1.545535 1.0
101 -1 Car 0 0 -2.133459 1002.521964 127.815542 1153.884601 191.978287 2.320840 2.297111 5.869147 18.673036 0.717349 29.283871 -1.570413 1.0
102 -1 Car 0 0 -1.554080 562.659662 178.503764 613.709313 227.920638 1.609268 1.664986 3.204451 -0.778159 1.821404 25.363308 -1.585198 1.0
102 -1 Car 0 1 -1.918476 828.374220 171.101740 867.667920 189.641841 1.360240 1.504688 4.208781 18.285252 1.260696 55.648910 -1.602843 1.0
102 -1 Car 0 1 -1.903386 850.531427 161.047307 903.414674 188.321565 1.776651 1.872775 4.979491 18.394374 1.034842 50.004675 -1.553020 1.0
102 -1 FilteredCar 0 2 -1.987293 918.520548 152.929335 1005.970810 193.163154 1.971082 2.162266 5.313860 18.567575 1.022850 38.408887 -1.540205 1.0
102 -1 Car 0 0 -2.158953 1022.947502 125.399403 1188.946675 193.692181 2.320840 2.297111 5.869147 18.672684 0.733894 27.689225 -1.570605 1.0
103 -1 Car 0 0 -1.553095 562.302122 177.853811 613.509059 227.421364 1.609268 1.664986 3.204451 -0.784091 1.799455 25.290086 -1.584525 1.0
103 -1 Car 0 0 1.663266 536.000466 180.181997 553.580017 195.633922 1.658249 1.613142 3.456527 -7.208096 2.479610 79.951848 1.573262 1.0
103 -1 Car 0 1 -1.926993 834.374754 170.053773 875.340304 189.151384 1.360240 1.504688 4.208781 18.277824 1.188945 54.082952 -1.602989 1.0
103 -1 Car 0 1 -1.915337 858.980626 160.238221 914.719480 188.498480 1.776651 1.872775 4.979491 18.436840 1.010548 48.346528 -1.553250 1.0
103 -1 Car 0 1 -2.009560 930.868519 151.778967 1024.813416 193.864933 1.971082 2.162266 5.313860 18.582102 1.011816 36.833419 -1.545737 1.0
103 -1 Car 0 0 -2.186524 1045.615324 122.650979 1228.835792 195.642092 2.320840 2.297111 5.869147 18.672332 0.750439 26.094578 -1.570796 1.0
104 -1 Car 0 0 -1.552109 561.937853 176.740344 613.302661 226.458481 1.609268 1.664986 3.204451 -0.790181 1.762450 25.217021 -1.583851 1.0
104 -1 Car 0 0 1.667071 533.356086 179.463045 551.795664 195.577116 1.658249 1.613142 3.456527 -7.153962 2.372181 76.736194 1.574047 1.0
104 -1 Car 0 1 -1.935698 841.411162 169.722485 884.201812 189.422690 1.360240 1.504688 4.208781 18.312945 1.171952 52.492729 -1.602027 1.0
104 -1 Car 0 1 -1.928001 867.999234 159.368444 926.872648 188.688665 1.776651 1.872775 4.979491 18.479306 0.986255 46.688381 -1.553480 1.0
104 -1 Car 0 0 -2.032998 944.246422 150.517898 1045.469962 194.634720 1.971082 2.162266 5.313860 18.596629 1.000783 35.257951 -1.551270 1.0
104 -1 Car 0 1 -2.217115 1071.320471 120.033057 1241.000000 198.031888 2.320840 2.297111 5.869147 18.695500 0.771916 24.511457 -1.571331 1.0
105 -1 Car 0 0 -1.551120 561.573047 175.791304 613.096780 225.661441 1.609268 1.664986 3.204451 -0.796213 1.731044 25.143898 -1.583178 1.0
105 -1 Car 0 0 1.671138 530.474947 178.679690 549.858769 195.515222 1.658249 1.613142 3.456527 -7.099827 2.264752 73.520540 1.574832 1.0
105 -1 Car 0 1 -1.944932 848.869622 169.369612 893.640824 189.711678 1.360240 1.504688 4.208781 18.348067 1.154959 50.902507 -1.601065 1.0
105 -1 Car 0 1 -1.940864 877.225280 158.458134 939.392486 188.867384 1.776651 1.872775 4.979491 18.521783 0.962073 45.105158 -1.553710 1.0
105 -1 Car 0 0 -2.057721 958.788649 149.129340 1068.215727 195.482906 1.971082 2.162266 5.313860 18.611157 0.989749 33.682483 -1.556803 1.0
105 -1 Car 0 1 -2.250227 1100.170662 117.445676 1241.000000 200.645722 2.320840 2.297111 5.869147 18.718668 0.793393 22.928335 -1.571866 1.0
106 -1 Car 0 0 -1.551654 562.401656 175.740963 614.091145 225.771342 1.609268 1.664986 3.204451 -0.763159 1.729088 25.068041 -1.582504 1.0
106 -1 Car 0 0 1.675589 527.432721 178.473608 547.886988 196.121992 1.658249 1.613142 3.456527 -7.024451 2.218464 70.212844 1.575866 1.0
106 -1 Car 0 1 -1.954739 856.789282 168.992976 903.715697 190.020133 1.360240 1.504688 4.208781 18.383189 1.137967 49.312285 -1.600103 1.0
106 -1 Car 0 1 -1.954496 887.085825 157.477596 952.878648 189.059890 1.776651 1.872775 4.979491 18.564259 0.937892 43.521935 -1.553940 1.0
106 -1 Car 0 0 -2.083855 974.654038 147.592928 1093.384661 196.422109 1.971082 2.162266 5.313860 18.625684 0.978715 32.107015 -1.562336 1.0
106 -1 Car 1 0 -2.286111 1132.780705 118.888071 1241.000000 201.980223 2.320840 2.297111 5.869147 18.741836 0.814870 21.345214 -1.572400 1.0
107 -1 Car 0 0 -1.552195 563.235610 175.690293 615.091994 225.881949 1.609268 1.664986 3.204451 -0.730105 1.727132 24.992184 -1.581831 1.0
107 -1 Car 0 0 1.680374 524.081922 178.246608 545.725086 196.790326 1.658249 1.613142 3.456527 -6.949075 2.172175 66.905147 1.576899 1.0
107 -1 Car 0 1 -1.965166 865.214280 168.590090 914.492921 190.350093 1.360240 1.504688 4.208781 18.418310 1.120974 47.722062 -1.599141 1.0
107 -1 Car 0 1 -1.969708 897.706261 156.582136 967.561809 189.431131 1.776651 1.872775 4.979491 18.611780 0.922658 41.938975 -1.554817 1.0
107 -1 Car 0 0 -2.105411 992.737327 146.207626 1121.547015 197.796774 1.971082 2.162266 5.313860 18.658659 0.980367 30.531092 -1.561295 1.0
107 -1 Car 1 0 -2.325037 1169.936818 120.321599 1241.000000 203.314207 2.320840 2.297111 5.869147 18.765004 0.836347 19.762092 -1.572935 1.0
108 -1 Car 0 0 -1.552744 564.074963 175.639292 616.099389 225.993270 1.609268 1.664986 3.204451 -0.697052 1.725177 24.916326 -1.581157 1.0
108 -1 Car 0 0 1.685545 520.373092 177.995336 543.344174 197.530092 1.658249 1.613142 3.456527 -6.873699 2.125887 63.597450 1.577933 1.0
108 -1 Car 0 1 -1.976264 874.194578 168.158113 926.048598 190.703887 1.360240 1.504688 4.208781 18.453432 1.103981 46.131840 -1.598179 1.0
108 -1 Car 0 1 -1.985837 909.111224 155.611861 983.472316 189.833412 1.776651 1.872775 4.979491 18.659301 0.907423 40.356015 -1.555695 1.0
108 -1 Car 0 0 -2.128700 1012.620426 144.656261 1153.087985 199.335978 1.971082 2.162266 5.313860 18.691633 0.982019 28.955169 -1.560255 1.0
108 -1 Car 1 0 -2.367286 1212.660861 121.746717 1241.000000 204.648059 2.320840 2.297111 5.869147 18.788172 0.857824 18.178971 -1.573470 1.0
109 -1 Car 0 0 -1.553300 564.919766 175.587956 617.113396 226.105310 1.609268 1.664986 3.204451 -0.663998 1.723221 24.840469 -1.580484 1.0
109 -1 Car 0 0 1.691162 516.245608 177.715678 540.709199 198.353390 1.658249 1.613142 3.456527 -6.798323 2.079599 60.289753 1.578966 1.0
109 -1 Car 0 1 -1.987931 883.680887 167.469797 938.317280 190.844715 1.360240 1.504688 4.208781 18.492162 1.073597 44.569235 -1.597202 1.0
109 -1 Car 0 1 -2.002965 921.390975 154.556988 1000.770774 190.270797 1.776651 1.872775 4.979491 18.706822 0.892189 38.773055 -1.556572 1.0
109 -1 Car 0 0 -2.153898 1034.586097 142.907067 1188.654365 201.071145 1.971082 2.162266 5.313860 18.724608 0.983671 27.379246 -1.559214 1.0
110 -1 Car 0 0 -1.553864 565.770072 175.536282 618.134079 226.218078 1.609268 1.664986 3.204451 -0.630944 1.721265 24.764612 -1.579810 1.0
110 -1 Car 0 0 1.697304 511.624341 177.402538 537.777205 199.275215 1.658249 1.613142 3.456527 -6.722948 2.033311 56.982057 1.580000 1.0
110 -1 Car 0 1 -2.000366 893.824125 166.728909 951.523299 190.996303 1.360240 1.504688 4.208781 18.530892 1.043213 43.006630 -1.596225 1.0
110 -1 Car 0 1 -2.021185 934.650172 153.405947 1019.647079 190.748089 1.776651 1.872775 4.979491 18.754344 0.876954 37.190095 -1.557449 1.0
110 -1 Car 0 1 -2.181197 1058.979622 140.919627 1229.069315 203.042241 1.971082 2.162266 5.313860 18.757582 0.985323 25.803323 -1.558174 1.0
111 -1 Car 0 0 -1.553970 566.054506 176.163676 618.579494 227.001937 1.609268 1.664986 3.204451 -0.616938 1.741098 24.693477 -1.579438 1.0
111 -1 Car 0 0 1.701617 506.442052 178.360891 534.400998 201.614625 1.658249 1.613142 3.456527 -6.653455 2.081699 53.700978 1.578523 1.0
111 -1 Car 0 1 -2.013636 904.694975 165.929190 965.778343 191.159931 1.360240 1.504688 4.208781 18.569623 1.012829 41.444025 -1.595248 1.0
111 -1 Car 0 1 -2.040598 949.010866 152.144960 1040.327433 191.271013 1.776651 1.872775 4.979491 18.801865 0.861720 35.607135 -1.558327 1.0
111 -1 Car 0 1 -2.210810 1086.227055 139.012702 1241.000000 205.300895 1.971082 2.162266 5.313860 18.790557 0.986975 24.227400 -1.557133 1.0
112 -1 Car 0 0 -1.554079 566.340694 176.794961 619.027669 227.790619 1.609268 1.664986 3.204451 -0.602932 1.760931 24.622342 -1.579065 1.0
112 -1 Car 0 0 1.706670 500.561488 179.448316 530.600047 204.269379 1.658249 1.613142 3.456527 -6.583962 2.130086 50.419900 1.577046 1.0
112 -1 Car 0 0 1.646802 539.763538 177.509435 558.025985 191.592537 1.493113 1.666348 4.375908 -6.716523 2.024634 79.586180 1.562551 1.0
112 -1 Car 0 1 -2.027855 916.428559 166.770354 981.280948 193.049778 1.360240 1.504688 4.208781 18.609388 1.071943 39.876477 -1.594271 1.0
112 -1 Car 0 1 -2.060721 964.146819 152.511471 1062.448459 193.562348 1.776651 1.872775 4.979491 18.839919 0.922347 34.053296 -1.559204 1.0
112 -1 Car 0 1 -2.242965 1116.860353 137.418575 1241.000000 207.522476 1.971082 2.162266 5.313860 18.823531 0.988627 22.651477 -1.556093 1.0
113 -1 Car 0 0 -1.554190 566.628651 177.430173 619.478630 228.584171 1.609268 1.664986 3.204451 -0.588926 1.780764 24.551207 -1.578692 1.0
113 -1 Car 0 0 1.712612 493.831317 180.669076 526.288823 207.307845 1.658249 1.613142 3.456527 -6.514469 2.178474 47.138821 1.575569 1.0
113 -1 Car 0 0 1.650244 537.545437 179.242276 556.697965 193.920379 1.493113 1.666348 4.375908 -6.639536 2.182800 76.451636 1.563549 1.0
113 -1 Car 0 1 -2.043071 929.071971 167.684326 998.125872 195.103263 1.360240 1.504688 4.208781 18.649154 1.131057 38.308929 -1.593293 1.0
113 -1 Car 0 1 -2.082212 980.626644 152.915904 1086.859569 196.090989 1.776651 1.872775 4.979491 18.877974 0.982975 32.499457 -1.560081 1.0
113 -1 Car 1 1 -2.277911 1151.552428 138.189392 1241.000000 208.069334 1.971082 2.162266 5.313860 18.856506 0.990279 21.075555 -1.555052 1.0
114 -1 Car 0 0 -1.554304 566.918394 178.069347 619.932402 229.382636 1.609268 1.664986 3.204451 -0.574920 1.800598 24.480072 -1.578320 1.0
114 -1 Car 0 0 1.720239 485.559306 180.837502 520.933788 209.593541 1.658249 1.613142 3.456527 -6.466474 2.153082 43.814988 1.574092 1.0
114 -1 Car 0 0 1.653596 535.329213 178.436147 555.444738 193.760050 1.493113 1.666348 4.375908 -6.543397 2.075554 73.319999 1.564548 1.0
114 -1 Car 0 1 -2.059284 942.660957 168.515386 1016.394785 197.170077 1.360240 1.504688 4.208781 18.688655 1.182165 36.749479 -1.592316 1.0
114 -1 Car 0 1 -2.105201 998.637632 153.364466 1113.935798 198.895812 1.776651 1.872775 4.979491 18.916028 1.043603 30.945618 -1.560958 1.0
114 -1 Car 2 1 -2.315604 1190.765374 137.345511 1241.000000 207.038383 1.971082 2.162266 5.313860 18.877644 0.947029 19.500283 -1.554012 1.0
115 -1 Car 0 0 -1.554228 567.014872 175.541489 620.217908 227.034307 1.609268 1.664986 3.204451 -0.566477 1.720048 24.398643 -1.577947 1.0
115 -1 Car 0 0 1.728950 476.190509 179.288761 514.941985 210.390879 1.658249 1.613142 3.456527 -6.419164 2.031712 40.588355 1.572615 1.0
115 -1 Car 0 0 1.657156 532.908968 177.555773 554.083032 193.584957 1.493113 1.666348 4.375908 -6.447258 1.968308 70.188362 1.565546 1.0
115 -1 Car 0 1 -2.076675 957.327746 165.234279 1036.315495 195.233719 1.360240 1.504688 4.208781 18.726124 1.040910 35.192040 -1.591339 1.0
115 -1 Car 0 1 -2.125996 1018.728795 149.327638 1144.231125 197.537409 1.776651 1.872775 4.979491 18.945003 0.935916 29.364764 -1.557732 1.0
115 -1 Car 2 1 -2.356619 1235.964518 136.513366 1241.000000 206.006730 1.971082 2.162266 5.313860 18.898782 0.903779 17.925011 -1.552971 1.0
116 -1 Car 0 0 -1.554154 567.112043 172.995458 620.505463 224.669203 1.609268 1.664986 3.204451 -0.558033 1.639499 24.317213 -1.577574 1.0
116 -1 Car 0 0 1.739365 465.125411 177.414375 507.961394 211.332653 1.658249 1.613142 3.456527 -6.371855 1.910343 37.361722 1.571138 1.0
116 -1 Car 0 0 1.660757 530.390754 175.270000 552.724749 192.071771 1.493113 1.666348 4.375908 -6.339067 1.742317 67.058004 1.566544 1.0
116 -1 Car 0 1 -2.092955 972.976420 162.513309 1057.664203 193.970350 1.360240 1.504688 4.208781 18.756407 0.938016 33.655994 -1.588404 1.0
116 -1 Car 0 1 -2.148659 1040.912434 144.785449 1178.321279 196.009650 1.776651 1.872775 4.979491 18.973977 0.828230 27.783911 -1.554506 1.0
117 -1 Car 0 0 -1.554133 567.358321 173.096868 620.775247 224.793220 1.609268 1.664986 3.204451 -0.549104 1.642689 24.307118 -1.577201 1.0
117 -1 Car 0 0 1.751745 452.048072 179.963704 499.918718 217.279636 1.658249 1.613142 3.456527 -6.312523 2.004389 34.119262 1.569661 1.0
117 -1 Car 0 0 1.665303 527.135202 177.323633 550.789045 194.979121 1.493113 1.666348 4.375908 -6.271653 1.907575 63.923375 1.567542 1.0
117 -1 Car 0 1 -2.110599 990.027757 159.513702 1081.199791 192.577809 1.360240 1.504688 4.208781 18.786690 0.835123 32.119947 -1.585470 1.0
117 -1 Car 0 1 -2.173377 1065.533362 139.636674 1216.966968 194.278766 1.776651 1.872775 4.979491 19.002951 0.720544 26.203058 -1.551279 1.0
118 -1 Car 0 0 -1.554478 567.842397 175.091007 621.424191 226.948979 1.609268 1.664986 3.204451 -0.529236 1.705287 24.237169 -1.576829 1.0
118 -1 Car 0 0 1.766912 436.062119 182.797186 490.277172 224.550136 1.658249 1.613142 3.456527 -6.253191 2.098436 30.876801 1.568184 1.0
118 -1 Car 0 0 1.670211 523.531567 179.596952 548.660596 198.197418 1.493113 1.666348 4.375908 -6.204238 2.072833 60.788747 1.568540 1.0
118 -1 Car 0 1 -2.130277 1009.170018 160.427203 1108.044986 195.349324 1.360240 1.504688 4.208781 18.806460 0.900632 30.524757 -1.582535 1.0
118 -1 Car 0 1 -2.208719 1092.373388 138.601095 1241.000000 196.894979 1.776651 1.872775 4.979491 19.031308 0.754304 24.632753 -1.556702 1.0
119 -1 Car 0 0 -1.554828 568.329464 177.097551 622.077171 229.118045 1.609268 1.664986 3.204451 -0.509368 1.767886 24.167221 -1.576456 1.0
119 -1 Car 0 0 1.787197 414.899120 186.229723 477.515567 233.710566 1.658249 1.613142 3.456527 -6.230214 2.193119 27.612405 1.566707 1.0
119 -1 Car 0 0 1.674659 519.639498 182.279755 546.375511 202.075637 1.493113 1.666348 4.375908 -6.130729 2.261335 57.665725 1.568781 1.0
119 -1 Car 0 1 -2.152561 1031.164570 166.399793 1139.118673 203.407553 1.360240 1.504688 4.208781 18.863526 1.150360 28.928048 -1.579600 1.0
119 -1 Car 0 1 -2.229030 1122.178370 141.233262 1241.000000 203.194184 1.776651 1.872775 4.979491 19.055566 0.885635 23.116386 -1.545934 1.0
120 -1 Car 0 0 -1.555181 568.819548 179.116616 622.734226 231.300541 1.609268 1.664986 3.204451 -0.489501 1.830484 24.097273 -1.576083 1.0
120 -1 Car 0 0 1.814166 386.576980 187.019201 460.643564 241.472782 1.658249 1.613142 3.456527 -6.240640 2.161168 24.349210 1.565230 1.0
120 -1 Car 0 0 1.680750 514.366375 182.888547 542.991548 203.915686 1.493113 1.666348 4.375908 -6.124006 2.268450 54.544480 1.569021 1.0
120 -1 FilteredCar 0 2 -2.173930 1052.828829 167.678196 1170.284333 206.802309 1.360240 1.504688 4.208781 18.899639 1.208308 27.477432 -1.576666 1.0
120 -1 Car 1 1 -2.251826 1155.713329 146.458749 1241.000000 208.228653 1.776651 1.872775 4.979491 19.079823 1.016965 21.600018 -1.535166 1.0
121 -1 Car 0 0 -1.555013 568.884166 178.846488 622.952849 231.178794 1.609268 1.664986 3.204451 -0.483284 1.821515 24.033076 -1.575711 1.0
121 -1 Car 0 0 1.847932 349.917213 182.200339 439.725731 244.765854 1.658249 1.613142 3.456527 -6.241281 1.945366 21.148889 1.563753 1.0
121 -1 Car 0 0 1.686650 509.050316 177.585600 539.785439 199.721142 1.493113 1.666348 4.375908 -6.075226 1.848021 51.427762 1.569262 1.0
121 -1 Car 0 1 -2.197904 1077.331495 164.248969 1206.460846 205.906518 1.360240 1.504688 4.208781 18.898069 1.106031 25.932089 -1.573731 1.0
121 -1 Car 2 1 -2.286470 1192.857424 146.173039 1241.000000 207.730102 1.776651 1.872775 4.979491 19.084265 0.989984 20.071508 -1.533673 1.0
122 -1 Car 0 0 -1.554845 568.949156 178.574803 623.172729 231.056351 1.609268 1.664986 3.204451 -0.477068 1.812545 23.968879 -1.575338 1.0
122 -1 Car 0 0 1.892936 298.841291 181.687657 412.054468 256.500362 1.658249 1.613142 3.456527 -6.240227 1.889866 17.946893 1.562276 1.0
122 -1 Car 0 0 1.695087 501.649671 175.599200 534.937111 199.231160 1.493113 1.666348 4.375908 -6.113383 1.700536 48.308074 1.569502 1.0
122 -1 Car 0 0 -2.224052 1104.687412 160.404959 1241.000000 204.886646 1.360240 1.504688 4.208781 18.896499 1.003754 24.386745 -1.570796 1.0
122 -1 Car 2 1 -2.324113 1235.381816 145.896914 1241.000000 207.225820 1.776651 1.872775 4.979491 19.088708 0.963003 18.542998 -1.532180 1.0
123 -1 Car 0 0 -1.554679 569.014523 178.301548 623.393877 230.933206 1.609268 1.664986 3.204451 -0.470852 1.803576 23.904681 -1.574965 1.0
123 -1 Car 0 0 1.954386 223.631180 184.741660 374.235602 278.649313 1.658249 1.613142 3.456527 -6.231749 1.920798 14.764089 1.560799 1.0
123 -1 Car 0 0 1.704629 493.202452 176.337330 529.475994 201.685045 1.493113 1.666348 4.375908 -6.149643 1.732662 45.186509 1.569742 1.0
123 -1 Car 0 1 -1.612869 634.535987 169.546435 650.790740 184.032768 1.428985 1.496953 3.384498 3.307681 1.124859 73.641867 -1.568414 1.0
123 -1 Car 0 0 -2.254670 1135.030983 156.264741 1241.000000 203.464553 1.360240 1.504688 4.208781 18.898762 0.896448 22.860328 -1.570238 1.0
124 -1 Car 0 0 -1.554514 569.080269 178.026710 623.616304 230.809352 1.609268 1.664986 3.204451 -0.464636 1.794606 23.840484 -1.574593 1.0
124 -1 Car 0 0 2.043427 99.868412 189.252604 318.351303 315.121952 1.658249 1.613142 3.456527 -6.223270 1.951731 11.581285 1.559322 1.0
124 -1 Car 0 0 1.714184 484.971091 177.566529 524.720224 204.931101 1.493113 1.666348 4.375908 -6.091245 1.785229 42.017375 1.570679 1.0
124 -1 Car 0 1 -1.613843 635.140303 170.991094 651.766576 185.784526 1.428985 1.496953 3.384498 3.317776 1.272801 72.149264 -1.568354 1.0
124 -1 Car 1 0 -2.287853 1169.322741 153.098057 1241.000000 200.292148 1.360240 1.504688 4.208781 18.901026 0.789141 21.333910 -1.569680 1.0
125 -1 Car 0 0 -1.554350 569.146398 177.750274 623.840020 230.684785 1.609268 1.664986 3.204451 -0.458420 1.785637 23.776287 -1.574220 1.0
125 -1 Car 0 0 2.180164 0.000000 196.589643 227.395612 374.000000 1.658249 1.613142 3.456527 -6.214792 1.982663 8.398482 1.557845 1.0
125 -1 Car 0 0 1.725711 474.899407 180.645720 518.781691 210.350916 1.493113 1.666348 4.375908 -6.067057 1.923350 38.917598 1.571615 1.0
125 -1 Car 0 1 -1.614861 635.769546 172.498275 652.784653 187.612103 1.428985 1.496953 3.384498 3.327871 1.420743 70.656660 -1.568295 1.0
125 -1 Car 2 0 -2.323750 1208.338497 153.617236 1241.000000 200.804433 1.360240 1.504688 4.208781 18.900911 0.788056 19.806398 -1.569122 1.0
126 -1 Car 0 0 -1.554188 569.212913 177.472227 624.065038 230.559497 1.609268 1.664986 3.204451 -0.452203 1.776667 23.712090 -1.573847 1.0
126 -1 Car 0 0 1.739011 462.972638 183.901601 511.874222 216.769470 1.493113 1.666348 4.375908 -6.042868 2.061471 35.817821 1.572552 1.0
126 -1 Car 0 1 -1.615925 636.425292 174.072125 653.847774 189.520531 1.428985 1.496953 3.384498 3.337966 1.568685 69.164056 -1.568236 1.0
127 -1 Car 0 0 -1.554026 569.279817 177.192554 624.291369 230.433482 1.609268 1.664986 3.204451 -0.445987 1.767698 23.647892 -1.573474 1.0
127 -1 Car 0 0 1.756958 446.642570 185.388080 502.056594 221.846036 1.493113 1.666348 4.375908 -6.095111 2.085390 32.684555 1.573488 1.0
127 -1 Car 0 1 -1.617039 637.109250 175.717169 654.958996 191.515296 1.428985 1.496953 3.384498 3.348061 1.716628 67.671453 -1.568177 1.0
128 -1 Car 0 0 -1.553866 569.347114 176.911241 624.519023 230.306734 1.609268 1.664986 3.204451 -0.439771 1.758729 23.583695 -1.573102 1.0
128 -1 Car 0 0 1.778332 426.576641 187.167980 490.300053 228.084646 1.493113 1.666348 4.375908 -6.147353 2.109309 29.551290 1.574425 1.0
128 -1 Car 0 1 -1.618205 637.823281 177.438349 656.121660 193.602392 1.428985 1.496953 3.384498 3.358155 1.864570 66.178849 -1.568117 1.0
129 -1 Car 0 0 -1.553412 569.175504 176.712301 624.529291 230.283417 1.609268 1.664986 3.204451 -0.440370 1.752270 23.511287 -1.572729 1.0
129 -1 Car 0 0 1.802613 402.738764 187.591511 477.091199 233.820428 1.493113 1.666348 4.375908 -6.160183 2.064537 26.446042 1.575361 1.0
129 -1 Car 0 1 -1.619368 638.349549 177.234125 657.121870 193.786504 1.428985 1.496953 3.384498 3.347555 1.837130 64.665751 -1.568271 1.0
130 -1 Car 0 0 -1.552959 569.002766 176.512038 624.539623 230.259946 1.609268 1.664986 3.204451 -0.440970 1.745812 23.438880 -1.572356 1.0
130 -1 Car 0 0 1.832670 371.911547 188.118049 460.667854 241.239204 1.493113 1.666348 4.375908 -6.173013 2.019765 23.340793 1.576298 1.0
130 -1 Car 0 1 -1.620580 638.900372 177.019848 658.171323 193.979681 1.428985 1.496953 3.384498 3.336954 1.809690 63.152652 -1.568425 1.0
131 -1 Car 0 0 -1.552505 568.828888 176.310437 624.550021 230.236318 1.609268 1.664986 3.204451 -0.441569 1.739353 23.366472 -1.571984 1.0
131 -1 Car 0 0 1.870877 330.492976 188.790375 439.694056 251.209071 1.493113 1.666348 4.375908 -6.185843 1.974993 20.235545 1.577234 1.0
131 -1 Car 0 1 -1.621843 639.477508 176.794759 659.273749 194.182610 1.428985 1.496953 3.384498 3.326353 1.782250 61.639553 -1.568579 1.0
132 -1 Car 0 0 -1.552050 568.653860 176.107486 624.560484 230.212533 1.609268 1.664986 3.204451 -0.442168 1.732895 23.294065 -1.571611 1.0
132 -1 Car 0 0 1.921765 270.951108 192.413334 411.630737 269.126276 1.493113 1.666348 4.375908 -6.193344 2.002045 17.077330 1.578170 1.0
132 -1 Car 0 1 -1.623161 640.082891 176.558016 660.433261 194.396048 1.428985 1.496953 3.384498 3.315753 1.754811 60.126455 -1.568733 1.0
132 -1 Car 0 0 -1.843809 812.384593 163.607668 843.844018 185.116080 1.796592 1.670859 3.616551 18.893470 1.044383 62.660943 -1.552472 1.0
133 -1 Car 0 0 -1.551595 568.477670 175.903172 624.571013 230.188588 1.609268 1.664986 3.204451 -0.442767 1.726436 23.221657 -1.571238 1.0
133 -1 Car 0 0 1.987705 185.146001 197.740783 374.890773 295.766355 1.493113 1.666348 4.375908 -6.199550 2.040836 14.075310 1.579107 1.0
133 -1 Car 0 1 -1.624539 640.718646 176.308692 661.654412 194.620833 1.428985 1.496953 3.384498 3.305152 1.727371 58.613356 -1.568887 1.0
133 -1 Car 0 0 -1.850665 817.322466 164.420844 849.884334 186.473334 1.796592 1.670859 3.616551 18.902387 1.130530 61.158676 -1.552497 1.0
134 -1 Car 0 0 -1.550852 568.104217 177.027043 624.353505 231.464243 1.609268 1.664986 3.204451 -0.449929 1.759789 23.161456 -1.570866 1.0
134 -1 Car 0 0 2.081235 41.547356 205.479006 321.505637 340.381204 1.493113 1.666348 4.375908 -6.205756 2.079628 11.073289 1.580043 1.0
134 -1 Car 0 1 -1.625042 641.273014 178.019470 662.776642 196.820073 1.428985 1.496953 3.384498 3.285586 1.851779 57.135128 -1.568321 1.0
134 -1 Car 0 1 -1.833460 804.985413 171.571680 836.328925 187.914845 1.413191 1.686496 4.095490 18.985459 1.331184 65.215430 -1.551650 1.0
134 -1 Car 0 0 -1.857832 822.501574 165.276249 856.238437 187.901060 1.796592 1.670859 3.616551 18.911305 1.216677 59.656409 -1.552522 1.0
135 -1 Car 0 0 -1.550107 567.728690 178.157234 624.134768 232.747003 1.609268 1.664986 3.204451 -0.457091 1.793141 23.101255 -1.570493 1.0
135 -1 Car 1 0 2.207918 0.000000 213.749961 234.661627 374.000000 1.493113 1.666348 4.375908 -6.211659 2.061092 8.058500 1.566810 1.0
135 -1 Car 0 1 -1.625600 641.855945 179.823973 663.960367 199.139752 1.428985 1.496953 3.384498 3.266021 1.976187 55.656900 -1.567754 1.0
135 -1 Car 0 1 -1.839333 809.376608 172.836516 841.751521 189.568908 1.413191 1.686496 4.095490 18.987110 1.441950 63.744202 -1.551391 1.0
135 -1 Car 0 0 -1.865332 827.940037 166.177260 862.931429 189.404894 1.796592 1.670859 3.616551 18.920223 1.302823 58.154142 -1.552548 1.0
136 -1 Car 0 0 -1.549361 567.351070 179.293800 623.914793 234.036928 1.609268 1.664986 3.204451 -0.464253 1.826494 23.041054 -1.570120 1.0
136 -1 Car 2 0 2.416686 0.000000 228.863562 75.791727 374.000000 1.493113 1.666348 4.375908 -6.217562 2.042556 5.043711 1.553576 1.0
136 -1 Car 0 1 -1.626220 642.469706 181.647546 665.210783 201.590041 1.428985 1.496953 3.384498 3.246456 2.100595 54.178672 -1.567187 1.0
136 -1 Car 0 1 -1.845469 813.968554 174.163157 847.439147 191.303746 1.413191 1.686496 4.095490 18.988761 1.552717 62.272973 -1.551132 1.0
136 -1 Car 0 0 -1.873187 833.657836 167.127626 869.991163 190.991085 1.796592 1.670859 3.616551 18.929141 1.388970 56.651875 -1.552573 1.0
137 -1 Car 0 0 -1.548749 568.033740 177.831919 624.755781 232.725184 1.609268 1.664986 3.204451 -0.437816 1.782578 22.980697 -1.568407 1.0
137 -1 Car 0 1 -1.628136 643.944711 179.855203 667.415653 200.289039 1.428985 1.496953 3.384498 3.289451 1.949842 52.703089 -1.566621 1.0
137 -1 Car 0 1 -1.852429 819.157519 172.876607 853.819933 190.446186 1.413191 1.686496 4.095490 19.024174 1.445279 60.803308 -1.550874 1.0
137 -1 Car 0 0 -1.881422 839.677061 168.131516 877.448633 192.666592 1.796592 1.670859 3.616551 18.938059 1.475117 55.149608 -1.552598 1.0
138 -1 Car 0 0 -1.548143 568.720271 176.361572 625.601558 231.406178 1.609268 1.664986 3.204451 -0.411379 1.738663 22.920340 -1.566693 1.0
138 -1 Car 0 1 -1.630194 645.501919 177.868584 669.751919 198.910560 1.428985 1.496953 3.384498 3.332446 1.799090 51.227505 -1.566054 1.0
138 -1 Car 0 1 -1.859444 824.391429 171.669833 860.310026 189.690323 1.413191 1.686496 4.095490 19.042344 1.349417 59.333866 -1.550615 1.0
138 -1 Car 0 0 -1.889649 846.445103 165.833957 885.726078 191.065262 1.796592 1.670859 3.616551 18.988170 1.319554 53.678365 -1.551652 1.0
139 -1 Car 0 0 -1.547543 569.410696 174.882688 626.452165 230.079850 1.609268 1.664986 3.204451 -0.384942 1.694748 22.859983 -1.564980 1.0
139 -1 Car 0 1 -1.632406 647.148400 175.759975 672.231686 197.447470 1.428985 1.496953 3.384498 3.375442 1.648337 49.751921 -1.565488 1.0
139 -1 Car 0 1 -1.866790 829.881897 170.399512 867.141970 188.894683 1.413191 1.686496 4.095490 19.060514 1.253555 57.864423 -1.550357 1.0
139 -1 Car 0 0 -1.898327 853.581403 163.402202 894.487155 189.370529 1.796592 1.670859 3.616551 19.038281 1.163992 52.207122 -1.550705 1.0
140 -1 Car 0 0 -1.546949 570.105047 173.395193 627.307644 228.746142 1.609268 1.664986 3.204451 -0.358505 1.650833 22.799626 -1.563267 1.0
140 -1 Car 0 1 -1.635082 649.116864 175.089112 675.110485 197.463808 1.428985 1.496953 3.384498 3.433950 1.599058 48.275203 -1.564921 1.0
140 -1 Car 0 1 -1.874090 836.094864 168.902587 874.800012 187.908833 1.413191 1.686496 4.095490 19.103623 1.145956 56.364682 -1.549137 1.0
140 -1 Car 0 0 -1.907511 861.149311 161.887550 903.811084 188.637442 1.796592 1.670859 3.616551 19.090491 1.080558 50.735112 -1.549758 1.0
141 -1 Car 0 0 -1.546360 570.803357 171.899013 628.168037 227.404991 1.609268 1.664986 3.204451 -0.332068 1.606917 22.739269 -1.561553 1.0
141 -1 Car 0 1 -1.637960 651.205136 174.374324 678.177837 197.481216 1.428985 1.496953 3.384498 3.492459 1.549780 46.798485 -1.564354 1.0
141 -1 Car 0 1 -1.881800 842.634881 167.320597 882.893335 186.867061 1.413191 1.686496 4.095490 19.146732 1.038358 54.864942 -1.547918 1.0
141 -1 Car 0 0 -1.917214 869.165087 161.192677 913.727603 188.772724 1.796592 1.670859 3.616551 19.143335 1.057237 49.262475 -1.548811 1.0
142 -1 Car 0 0 -1.546788 572.336277 173.252852 629.849141 228.899182 1.609268 1.664986 3.204451 -0.281642 1.646554 22.684868 -1.559840 1.0
142 -1 Car 0 1 -1.641310 653.617576 175.129868 681.661730 199.019236 1.428985 1.496953 3.384498 3.563491 1.592357 45.320730 -1.563788 1.0
142 -1 Car 0 1 -1.890506 849.994134 167.783808 891.965403 187.902040 1.413191 1.686496 4.095490 19.224840 1.082810 53.362839 -1.546698 1.0
142 -1 Car 0 0 -1.927474 877.656251 160.453277 924.279831 188.916662 1.796592 1.670859 3.616551 19.196180 1.033917 47.789838 -1.547864 1.0
143 -1 Car 0 0 -1.547225 573.881458 175.058217 631.543923 230.845488 1.609268 1.664986 3.204451 -0.231079 1.699146 22.630330 -1.558127 1.0
143 -1 Car 0 1 -1.644921 656.186477 175.938390 685.389987 200.665045 1.428985 1.496953 3.384498 3.634523 1.634935 43.842975 -1.563221 1.0
143 -1 Car 0 1 -1.899708 857.762976 168.274976 901.585120 188.999361 1.413191 1.686496 4.095490 19.302949 1.127262 51.860737 -1.545479 1.0
143 -1 Car 0 0 -1.938865 886.592391 160.582633 935.484923 189.989767 1.796592 1.670859 3.616551 19.243582 1.067271 46.313440 -1.547535 1.0
144 -1 Car 0 0 -1.547673 575.421878 175.614058 633.233915 231.541894 1.609268 1.664986 3.204451 -0.180902 1.715125 22.576176 -1.556413 1.0
144 -1 Car 0 1 -1.647918 658.055558 176.390412 688.449890 202.004018 1.428985 1.496953 3.384498 3.654020 1.654190 42.383009 -1.562984 1.0
144 -1 Car 0 1 -1.909441 865.976581 168.796710 911.803618 190.164831 1.413191 1.686496 4.095490 19.381058 1.171714 50.358635 -1.544260 1.0
144 -1 Car 0 0 -1.950899 896.093626 160.720867 947.459378 191.136459 1.796592 1.670859 3.616551 19.290983 1.100625 44.837043 -1.547206 1.0
145 -1 Car 0 0 -1.548131 576.968150 175.975543 634.930640 232.044420 1.609268 1.664986 3.204451 -0.130787 1.725382 22.522081 -1.554700 1.0
145 -1 Car 0 1 -1.651143 660.052619 176.876072 691.737586 203.442615 1.428985 1.496953 3.384498 3.673516 1.673444 40.923044 -1.562747 1.0
145 -1 Car 0 1 -1.919452 873.667358 169.317007 921.572180 191.341610 1.413191 1.686496 4.095490 19.411966 1.213612 48.917137 -1.544000 1.0
145 -1 Car 0 0 -1.963627 906.215308 160.868926 960.285253 192.364575 1.796592 1.670859 3.616551 19.338385 1.133980 43.360645 -1.546877 1.0
146 -1 Car 0 0 -1.548600 578.516136 175.728383 636.629609 231.938782 1.609268 1.664986 3.204451 -0.080857 1.717979 22.468172 -1.552986 1.0
146 -1 Car 0 1 -1.654620 662.191271 177.399270 695.279493 204.992384 1.428985 1.496953 3.384498 3.693013 1.692699 39.463078 -1.562510 1.0
146 -1 Car 0 1 -1.929993 881.805433 169.870331 931.961035 192.593015 1.413191 1.686496 4.095490 19.442874 1.255509 47.475638 -1.543740 1.0
146 -1 Car 0 0 -1.977103 917.020262 161.027895 974.056699 193.683106 1.796592 1.670859 3.616551 19.385787 1.167334 41.884248 -1.546547 1.0
147 -1 Car 0 0 -1.549047 580.055317 175.982776 638.313811 232.328334 1.609268 1.664986 3.204451 -0.031512 1.725093 22.416756 -1.551273 1.0
147 -1 Car 0 1 -1.658377 664.487127 177.964533 699.106285 206.666731 1.428985 1.496953 3.384498 3.712510 1.711954 38.003112 -1.562273 1.0
147 -1 Car 0 1 -1.941103 890.430998 170.459931 943.031204 193.926378 1.413191 1.686496 4.095490 19.473782 1.297407 46.034139 -1.543480 1.0
147 -1 Car 0 1 -1.991388 928.580093 161.199027 988.882288 195.102420 1.796592 1.670859 3.616551 19.433189 1.200688 40.407851 -1.546218 1.0
148 -1 Car 0 0 -1.549503 581.601982 176.238464 640.006494 232.719745 1.609268 1.664986 3.204451 0.017833 1.732208 22.365340 -1.549560 1.0
148 -1 Car 0 1 -1.662447 666.958179 178.577145 703.253768 208.481303 1.428985 1.496953 3.384498 3.732006 1.731209 36.543147 -1.562035 1.0
148 -1 Car 0 1 -1.952824 899.589206 171.089494 954.851979 195.350022 1.413191 1.686496 4.095490 19.504691 1.339304 44.592641 -1.543220 1.0
148 -1 Car 0 1 -2.005510 940.099235 162.184851 1003.899783 197.422082 1.796592 1.670859 3.616551 19.437286 1.275056 38.945191 -1.545889 1.0
149 -1 Car 0 0 -1.549969 583.156186 176.495457 641.707723 233.113029 1.609268 1.664986 3.204451 0.067178 1.739323 22.313924 -1.547846 1.0
149 -1 Car 0 1 -1.666868 669.625279 179.243318 707.764022 210.454488 1.428985 1.496953 3.384498 3.751503 1.750464 35.083181 -1.561798 1.0
149 -1 Car 0 1 -1.965205 909.330968 171.763227 967.502381 196.873439 1.413191 1.686496 4.095490 19.535599 1.381201 43.151142 -1.542960 1.0
149 -1 Car 0 0 -2.020523 952.474947 163.251526 1020.149552 199.931789 1.796592 1.670859 3.616551 19.441383 1.349424 37.482532 -1.545560 1.0
150 -1 Car 0 0 -1.550446 584.717982 176.753765 643.417562 233.508198 1.609268 1.664986 3.204451 0.116523 1.746437 22.262508 -1.546133 1.0
150 -1 Car 0 1 -1.669888 671.254305 180.024527 711.293190 212.661611 1.428985 1.496953 3.384498 3.709411 1.772120 33.623759 -1.561561 1.0
150 -1 Car 0 1 -1.978034 919.407924 176.766177 980.764219 202.792541 1.413191 1.686496 4.095490 19.542785 1.658280 41.697013 -1.542858 1.0
150 -1 Car 0 0 -2.036242 965.603504 166.447853 1037.566462 204.693672 1.796592 1.670859 3.616551 19.434480 1.520453 36.019168 -1.545231 1.0
151 -1 Car 0 0 -1.550932 586.287423 177.013398 645.136076 233.905267 1.609268 1.664986 3.204451 0.165868 1.753552 22.211092 -1.544420 1.0
151 -1 Car 0 1 -1.673199 673.023654 180.824720 715.160493 215.080052 1.428985 1.496953 3.384498 3.667318 1.793777 32.164337 -1.561324 1.0
151 -1 Car 0 1 -1.992087 930.449762 172.967768 995.331181 199.984346 1.413191 1.686496 4.095490 19.567933 1.449350 40.247313 -1.542757 1.0
151 -1 Car 0 0 -2.052772 979.502027 162.873019 1056.153575 202.792647 1.796592 1.670859 3.616551 19.428558 1.370780 34.585790 -1.544901 1.0
152 -1 Car 0 0 -1.552620 587.613071 176.630769 646.610201 233.662477 1.609268 1.664986 3.204451 0.205495 1.742359 22.160606 -1.544323 1.0
152 -1 Car 0 1 -1.678326 676.230700 176.027132 720.760852 211.901943 1.428985 1.496953 3.384498 3.685330 1.582465 30.740418 -1.560706 1.0
152 -1 Car 0 1 -2.006739 942.057273 168.084203 1010.804812 196.169493 1.413191 1.686496 4.095490 19.581111 1.200419 38.798357 -1.542655 1.0
152 -1 Car 0 0 -2.070398 994.538625 158.971173 1076.441988 200.717930 1.796592 1.670859 3.616551 19.422636 1.221107 33.152412 -1.544572 1.0
153 -1 Car 0 0 -1.554316 588.945221 176.246253 648.091602 233.418495 1.609268 1.664986 3.204451 0.245123 1.731165 22.110120 -1.544226 1.0
153 -1 Car 0 1 -1.682929 679.037817 175.729003 726.161763 213.454131 1.428985 1.496953 3.384498 3.673323 1.564770 29.314806 -1.560088 1.0
153 -1 Car 0 1 -2.022289 954.550557 165.160752 1027.588734 194.401624 1.413191 1.686496 4.095490 19.595509 1.067000 37.348193 -1.542553 1.0
153 -1 Car 0 0 -2.089216 1010.859051 154.695291 1098.676484 198.444575 1.796592 1.670859 3.616551 19.416713 1.071435 31.719034 -1.544243 1.0
154 -1 Car 0 0 -1.556020 590.283922 175.859835 649.580332 233.173313 1.609268 1.664986 3.204451 0.284751 1.719972 22.059634 -1.544129 1.0
154 -1 Car 0 1 -1.688784 682.628867 177.307781 732.777647 217.120943 1.428985 1.496953 3.384498 3.679954 1.616273 27.865085 -1.559470 1.0
154 -1 Car 0 1 -2.038813 968.052993 165.926562 1045.878222 196.420089 1.413191 1.686496 4.095490 19.611859 1.118401 35.896097 -1.542451 1.0
154 -1 Car 0 0 -2.110174 1029.021432 153.748591 1123.675115 199.726279 1.796592 1.670859 3.616551 19.418730 1.070594 30.268618 -1.544376 1.0
155 -1 Car 0 0 -1.557733 591.629223 175.471503 651.076446 232.926921 1.609268 1.664986 3.204451 0.324378 1.708779 22.009148 -1.544032 1.0
155 -1 Car 0 1 -1.695329 686.589898 179.071705 740.169838 221.217435 1.428985 1.496953 3.384498 3.686584 1.667777 26.415364 -1.558852 1.0
155 -1 Car 0 1 -2.055771 981.724963 165.619879 1064.712790 197.439730 1.413191 1.686496 4.095490 19.603940 1.118172 34.484423 -1.542735 1.0
155 -1 Car 0 0 -2.132588 1048.901809 152.700225 1151.360219 201.145518 1.796592 1.670859 3.616551 19.420747 1.069753 28.818203 -1.544508 1.0
156 -1 Car 0 0 -1.559453 592.981171 175.081242 652.579999 232.679310 1.609268 1.664986 3.204451 0.364006 1.697585 21.958662 -1.543935 1.0
156 -1 Car 0 1 -1.703389 690.459113 179.309307 747.965059 224.037091 1.428985 1.496953 3.384498 3.678637 1.663164 24.987990 -1.559608 1.0
156 -1 Car 0 1 -2.073792 996.494948 165.285287 1085.262172 198.552096 1.413191 1.686496 4.095490 19.596020 1.117942 33.072749 -1.543018 1.0
156 -1 Car 0 1 -2.156146 1070.346051 151.646949 1181.598528 202.783708 1.796592 1.670859 3.616551 19.424030 1.072130 27.395769 -1.544641 1.0
157 -1 Car 0 0 -1.561182 594.339817 174.689037 654.091046 232.430471 1.609268 1.664986 3.204451 0.403633 1.686392 21.908176 -1.543838 1.0
157 -1 Car 0 1 -1.712305 694.765474 179.577901 756.777704 227.224796 1.428985 1.496953 3.384498 3.670691 1.658551 23.560616 -1.560364 1.0
157 -1 Car 0 1 -2.092970 1012.500758 164.918794 1107.771728 199.770439 1.413191 1.686496 4.095490 19.588101 1.117713 31.661075 -1.543302 1.0
157 -1 Car 0 1 -2.181371 1093.983004 150.469686 1215.399133 204.614571 1.796592 1.670859 3.616551 19.427313 1.074508 25.973335 -1.544774 1.0
158 -1 Car 0 0 -1.562919 595.705211 174.294873 655.609644 232.180396 1.609268 1.664986 3.204451 0.443261 1.675198 21.857690 -1.543741 1.0
158 -1 Car 0 1 -1.722236 699.587496 179.883972 766.820871 230.857644 1.428985 1.496953 3.384498 3.662744 1.653938 22.133243 -1.561121 1.0
158 -1 Car 0 0 -2.113406 1029.904269 164.515611 1132.535973 201.110660 1.413191 1.686496 4.095490 19.580182 1.117483 30.249401 -1.543585 1.0
158 -1 Car 0 0 -2.208413 1120.167099 149.274265 1241.000000 206.674221 1.796592 1.670859 3.616551 19.430596 1.076885 24.550901 -1.544907 1.0
159 -1 Car 0 0 -1.564605 597.049547 174.631514 657.084447 232.638199 1.609268 1.664986 3.204451 0.481970 1.684542 21.815092 -1.543644 1.0
159 -1 Car 0 1 -1.733454 705.102441 180.218384 778.384282 234.958415 1.428985 1.496953 3.384498 3.660000 1.649074 20.726683 -1.561877 1.0
159 -1 Car 0 1 -2.136216 1049.149857 163.929445 1160.314059 202.470096 1.413191 1.686496 4.095490 19.576488 1.112198 28.825044 -1.544568 1.0
159 -1 Car 0 0 -2.237346 1149.162572 147.882319 1241.000000 208.622754 1.796592 1.670859 3.616551 19.429098 1.067924 23.129892 -1.545097 1.0
160 -1 Car 0 0 -1.566297 598.399539 174.969580 658.565497 233.097930 1.609268 1.664986 3.204451 0.520679 1.693885 21.772494 -1.543547 1.0
160 -1 Car 0 1 -1.746127 711.355198 180.561955 791.792616 239.713530 1.428985 1.496953 3.384498 3.657257 1.644210 19.320123 -1.562633 1.0
160 -1 Car 0 1 -2.160550 1070.255834 163.277445 1191.213789 203.982223 1.413191 1.686496 4.095490 19.572795 1.106912 27.400686 -1.545552 1.0
160 -1 Car 2 1 -2.268423 1181.656197 147.978917 1241.000000 208.869948 1.796592 1.670859 3.616551 19.427600 1.058962 21.708883 -1.545286 1.0
161 -1 Car 0 0 -1.567997 599.755221 175.309080 660.052832 233.559599 1.609268 1.664986 3.204451 0.559388 1.703228 21.729897 -1.543450 1.0
161 -1 Car 0 1 -1.760576 718.504440 180.936199 807.525683 245.293182 1.428985 1.496953 3.384498 3.654513 1.639346 17.913563 -1.563389 1.0
161 -1 Car 0 1 -2.186547 1093.505651 162.547860 1225.792702 205.674299 1.413191 1.686496 4.095490 19.569102 1.101627 25.976329 -1.546535 1.0
161 -1 Car 2 1 -2.301828 1218.321660 148.227408 1241.000000 209.000939 1.796592 1.670859 3.616551 19.426102 1.050001 20.287875 -1.545476 1.0
162 -1 Car 0 0 -1.569703 601.116630 175.650023 661.546494 234.023221 1.609268 1.664986 3.204451 0.598097 1.712572 21.687299 -1.543353 1.0
162 -1 Car 0 1 -1.774274 726.566570 181.508058 825.869486 252.269311 1.428985 1.496953 3.384498 3.637118 1.637626 16.471296 -1.561593 1.0
162 -1 Car 0 1 -2.214354 1119.243423 161.975802 1241.000000 207.580477 1.413191 1.686496 4.095490 19.565409 1.096342 24.551972 -1.547519 1.0
163 -1 Car 0 0 -1.570364 601.642785 176.449784 662.238675 234.980019 1.609268 1.664986 3.204451 0.613524 1.734559 21.632868 -1.543256 1.0
163 -1 Car 0 1 -1.790755 736.016203 182.178609 848.185771 260.751528 1.428985 1.496953 3.384498 3.619723 1.635905 15.029028 -1.559797 1.0
163 -1 Car 0 1 -2.238354 1146.676294 159.940923 1241.000000 207.683788 1.413191 1.686496 4.095490 19.529320 1.040951 23.150083 -1.543986 1.0
164 -1 Car 0 0 -1.571029 602.171796 177.253909 662.934637 235.942016 1.609268 1.664986 3.204451 0.628952 1.756546 21.578437 -1.543159 1.0
164 -1 Car 0 1 -1.810827 747.245215 182.975811 875.921683 271.286578 1.428985 1.496953 3.384498 3.602328 1.634185 13.586760 -1.558001 1.0
164 -1 Car 2 1 -2.264414 1177.330229 158.551307 1241.000000 206.294424 1.413191 1.686496 4.095490 19.493232 0.985559 21.748194 -1.540453 1.0
165 -1 Car 0 0 -1.571697 602.703688 178.062436 663.634411 236.909255 1.609268 1.664986 3.204451 0.644379 1.778533 21.524006 -1.543062 1.0
165 -1 Car 0 1 -1.835053 760.511173 183.917214 910.537478 284.430747 1.428985 1.496953 3.384498 3.584936 1.632460 12.171809 -1.556205 1.0
165 -1 Car 2 1 -2.292716 1211.807852 157.170866 1241.000000 204.887938 1.413191 1.686496 4.095490 19.457143 0.930168 20.346305 -1.536920 1.0
166 -1 Car 0 0 -1.572370 603.238483 178.875400 664.338029 237.881778 1.609268 1.664986 3.204451 0.659806 1.800520 21.469574 -1.542965 1.0
166 -1 Car 0 1 -1.865400 776.782977 185.072741 955.980713 301.667372 1.428985 1.496953 3.384498 3.567545 1.630735 10.756858 -1.554409 1.0
167 -1 Car 0 0 -1.572096 602.622804 178.845028 663.949806 238.073578 1.609268 1.664986 3.204451 0.642896 1.799073 21.395304 -1.543369 1.0
167 -1 Car 0 1 -1.904219 797.212704 186.524822 1018.273357 325.260136 1.428985 1.496953 3.384498 3.550153 1.629009 9.341907 -1.552613 1.0
168 -1 Car 0 0 -1.571819 602.002480 178.814428 663.558662 238.266826 1.609268 1.664986 3.204451 0.625986 1.797627 21.321034 -1.543773 1.0
168 -1 Car 0 1 -1.955161 823.627431 188.404426 1108.919401 359.519637 1.428985 1.496953 3.384498 3.532761 1.627284 7.926955 -1.550817 1.0
169 -1 Car 0 0 -1.571536 601.377459 178.783598 663.164565 238.461541 1.609268 1.664986 3.204451 0.609076 1.796180 21.246763 -1.544177 1.0
169 -1 Car 0 1 -2.043252 855.332710 189.928079 1241.000000 374.000000 1.428985 1.496953 3.384498 3.506440 1.614245 6.523519 -1.569853 1.0
170 -1 Car 0 0 -1.572374 601.636551 178.708813 663.659083 238.614055 1.609268 1.664986 3.204451 0.616327 1.793548 21.172500 -1.544581 1.0
170 -1 Car 1 1 -2.158435 900.277006 192.071495 1241.000000 374.000000 1.428985 1.496953 3.384498 3.480120 1.601207 5.120082 -1.588888 1.0
171 -1 Car 0 0 -1.573402 602.049742 179.034228 664.310633 239.168635 1.609268 1.664986 3.204451 0.627698 1.801742 21.098017 -1.544985 1.0
171 -1 Car 1 1 -2.317122 968.910486 195.309153 1241.000000 374.000000 1.428985 1.496953 3.384498 3.453799 1.588168 3.716646 -1.607924 1.0
172 -1 Car 0 0 -1.574435 602.466115 179.362128 664.967158 239.727483 1.609268 1.664986 3.204451 0.639070 1.809935 21.023534 -1.545389 1.0
172 -1 Car 1 1 -2.533904 1106.739398 208.239706 1241.000000 374.000000 1.428985 1.496953 3.384498 3.456021 1.604750 2.240642 -1.597352 1.0
173 -1 Car 0 0 -1.575471 602.885708 179.692542 665.628715 240.290649 1.609268 1.664986 3.204451 0.650442 1.818129 20.949051 -1.545793 1.0
174 -1 Car 0 0 -1.576513 603.308559 180.025500 666.295363 240.858181 1.609268 1.664986 3.204451 0.661814 1.826323 20.874569 -1.546197 1.0
175 -1 Car 0 0 -1.576622 602.940934 179.180766 666.258246 240.335391 1.609268 1.664986 3.204451 0.652264 1.802882 20.773662 -1.546601 1.0
176 -1 Car 0 0 -1.576728 602.569420 178.327123 666.220730 239.807056 1.609268 1.664986 3.204451 0.642714 1.779441 20.672756 -1.547005 1.0
177 -1 Car 0 0 -1.576831 602.193952 177.464426 666.182811 239.273086 1.609268 1.664986 3.204451 0.633163 1.756001 20.571849 -1.547409 1.0
178 -1 Car 0 0 -1.576931 601.814469 176.592532 666.144482 238.733391 1.609268 1.664986 3.204451 0.623613 1.732560 20.470943 -1.547813 1.0
179 -1 Car 0 0 -1.576521 601.056665 176.428481 665.683999 238.859527 1.609268 1.664986 3.204451 0.604150 1.727842 20.383501 -1.548217 1.0
180 -1 Car 0 0 -1.576103 600.291763 176.262900 665.219216 238.986845 1.609268 1.664986 3.204451 0.584687 1.723123 20.296059 -1.548621 1.0
181 -1 Car 0 0 -1.575679 599.519663 176.095770 664.750070 239.115362 1.609268 1.664986 3.204451 0.565224 1.718405 20.208618 -1.549025 1.0
182 -1 Car 0 0 -1.575871 599.575728 174.415334 665.076140 237.696722 1.609268 1.664986 3.204451 0.567824 1.674901 20.132034 -1.548967 1.0
183 -1 Car 0 0 -1.576066 599.632257 172.720944 665.404920 236.266328 1.609268 1.664986 3.204451 0.570423 1.631397 20.055451 -1.548909 1.0
184 -1 Car 0 0 -1.576262 599.689256 171.012424 665.736444 234.824033 1.609268 1.664986 3.204451 0.573023 1.587892 19.978867 -1.548850 1.0
185 -1 Car 0 0 -1.574973 598.571168 170.921803 664.915206 235.022747 1.609268 1.664986 3.204451 0.545843 1.585806 19.895815 -1.548792 1.0
186 -1 Car 0 0 -1.573673 597.442908 170.830356 664.086466 235.223269 1.609268 1.664986 3.204451 0.518663 1.583720 19.812762 -1.548734 1.0
187 -1 Car 0 0 -1.573518 597.301002 171.240198 664.089905 235.773065 1.609268 1.664986 3.204451 0.515840 1.594153 19.773057 -1.548676 1.0
188 -1 Car 0 0 -1.573363 597.158477 171.651837 664.093359 236.325263 1.609268 1.664986 3.204451 0.513016 1.604586 19.733351 -1.548618 1.0
189 -1 Car 0 0 -1.573208 597.015328 172.065285 664.096828 236.879878 1.609268 1.664986 3.204451 0.510193 1.615019 19.693646 -1.548560 1.0
190 -1 Car 0 0 -1.573052 596.871552 172.480554 664.100312 237.436928 1.609268 1.664986 3.204451 0.507370 1.625453 19.653941 -1.548502 1.0
191 -1 Car 0 0 -1.573110 596.927209 172.883086 664.240011 237.919716 1.609268 1.664986 3.204451 0.509250 1.635523 19.631472 -1.548444 1.0
192 -1 Car 0 0 -1.573169 596.983005 173.286625 664.380060 238.403704 1.609268 1.664986 3.204451 0.511130 1.645593 19.609002 -1.548386 1.0
193 -1 Car 0 0 -1.573228 597.038940 173.691175 664.520459 238.888897 1.609268 1.664986 3.204451 0.513009 1.655663 19.586533 -1.548328 1.0
194 -1 Car 0 0 -1.572934 596.844770 174.099086 664.341712 239.311608 1.609268 1.664986 3.204451 0.508325 1.665823 19.582275 -1.548269 1.0
195 -1 Car 0 0 -1.572640 596.650509 174.507194 664.162878 239.734517 1.609268 1.664986 3.204451 0.503641 1.675983 19.578018 -1.548211 1.0
196 -1 Car 0 0 -1.572346 596.456158 174.915496 663.983959 240.157623 1.609268 1.664986 3.204451 0.498957 1.686143 19.573760 -1.548153 1.0
197 -1 Car 0 0 -1.572052 596.261716 175.323994 663.804954 240.580927 1.609268 1.664986 3.204451 0.494273 1.696303 19.569502 -1.548095 1.0
198 -1 Car 0 0 -1.572424 596.622745 175.167608 664.113552 240.372943 1.609268 1.664986 3.204451 0.503119 1.692453 19.583745 -1.548037 1.0
199 -1 Car 0 0 -1.572795 596.983202 175.011468 664.421663 240.165290 1.609268 1.664986 3.204451 0.511964 1.688604 19.597988 -1.547979 1.0
200 -1 Car 0 0 -1.573165 597.343087 174.855574 664.729287 239.957965 1.609268 1.664986 3.204451 0.520809 1.684754 19.612231 -1.547921 1.0
201 -1 Car 0 0 -1.573535 597.702404 174.699925 665.036426 239.750969 1.609268 1.664986 3.204451 0.529655 1.680905 19.626474 -1.547863 1.0
202 -1 Car 0 0 -1.572136 597.567479 174.778622 664.803021 239.731359 1.609268 1.664986 3.204451 0.527832 1.682927 19.652832 -1.546591 1.0
203 -1 Car 0 0 -1.570739 597.433021 174.857098 664.570211 239.711800 1.609268 1.664986 3.204451 0.526009 1.684949 19.679190 -1.545319 1.0
204 -1 Car 0 0 -1.569341 597.299028 174.935357 664.337995 239.692292 1.609268 1.664986 3.204451 0.524187 1.686972 19.705548 -1.544048 1.0
205 -1 Car 0 0 -1.567944 597.165498 175.013397 664.106371 239.672833 1.609268 1.664986 3.204451 0.522364 1.688994 19.731906 -1.542776 1.0
206 -1 Car 0 0 -1.566547 597.032429 175.091221 663.875336 239.653425 1.609268 1.664986 3.204451 0.520542 1.691016 19.758263 -1.541504 1.0
207 -1 Car 0 0 -1.565150 596.899819 175.168829 663.644887 239.634066 1.609268 1.664986 3.204451 0.518719 1.693039 19.784621 -1.540232 1.0
208 -1 Car 0 0 -1.563754 596.767667 175.246222 663.415024 239.614757 1.609268 1.664986 3.204451 0.516897 1.695061 19.810979 -1.538961 1.0
209 -1 Car 0 0 -1.560812 595.452592 175.343842 661.899205 239.521073 1.609268 1.664986 3.204451 0.484560 1.697693 19.864326 -1.537689 1.0
210 -1 Car 0 0 -1.557878 594.145376 175.440904 660.392007 239.427937 1.609268 1.664986 3.204451 0.452224 1.700325 19.917672 -1.536417 1.0
211 -1 Car 0 0 -1.554953 592.845951 175.537415 658.893357 239.335343 1.609268 1.664986 3.204451 0.419888 1.702957 19.971019 -1.535146 1.0
212 -1 Car 0 0 -1.553743 591.438103 175.510805 657.280966 239.118594 1.609268 1.664986 3.204451 0.381410 1.702493 20.026612 -1.535883 1.0
213 -1 Car 0 0 -1.552543 590.038622 175.484357 655.678370 238.903129 1.609268 1.664986 3.204451 0.342931 1.702030 20.082206 -1.536621 1.0
214 -1 Car 0 0 -1.551355 588.647436 175.458070 654.085481 238.688936 1.609268 1.664986 3.204451 0.304453 1.701566 20.137800 -1.537359 1.0
215 -1 Car 0 0 -1.550429 587.493219 175.425147 652.673129 238.412655 1.609268 1.664986 3.204451 0.271372 1.700987 20.210117 -1.538096 1.0
216 -1 Car 0 0 -1.549516 586.347856 175.392482 651.271795 238.138487 1.609268 1.664986 3.204451 0.238292 1.700408 20.282435 -1.538834 1.0
217 -1 Car 0 0 -1.548614 585.211244 175.360071 649.881350 237.866408 1.609268 1.664986 3.204451 0.205211 1.699829 20.354753 -1.539572 1.0
218 -1 Car 0 0 -1.548010 584.347945 175.321758 648.689389 237.515165 1.609268 1.664986 3.204451 0.178257 1.699167 20.449834 -1.540309 1.0
219 -1 Car 0 0 -1.547419 583.493252 175.283833 647.509462 237.167415 1.609268 1.664986 3.204451 0.151303 1.698506 20.544915 -1.541047 1.0
220 -1 Car 0 0 -1.546840 582.647037 175.246289 646.341387 236.823107 1.609268 1.664986 3.204451 0.124348 1.697844 20.639996 -1.541785 1.0
221 -1 Car 0 0 -1.546272 581.809176 175.209121 645.184987 236.482190 1.609268 1.664986 3.204451 0.097394 1.697183 20.735077 -1.542522 1.0
222 -1 Car 0 0 -1.546305 581.918957 175.622711 644.927429 236.540605 1.609268 1.664986 3.204451 0.095832 1.708578 20.846680 -1.542655 1.0
223 -1 Car 0 0 -1.546338 582.027478 176.031526 644.672846 236.598347 1.609268 1.664986 3.204451 0.094270 1.719973 20.958283 -1.542787 1.0
224 -1 Car 0 0 -1.546372 582.134759 176.435649 644.421187 236.655429 1.609268 1.664986 3.204451 0.092708 1.731367 21.069886 -1.542919 1.0
225 -1 Car 0 0 -1.546408 582.240821 176.835160 644.172402 236.711862 1.609268 1.664986 3.204451 0.091147 1.742762 21.181490 -1.543052 1.0
226 -1 Car 0 0 -1.545691 581.746674 177.239136 643.335689 236.786458 1.609268 1.664986 3.204451 0.073327 1.754383 21.289842 -1.543184 1.0
227 -1 Car 0 0 -1.544983 581.257920 177.638685 642.508154 236.860239 1.609268 1.664986 3.204451 0.055507 1.766004 21.398195 -1.543316 1.0
228 -1 Car 0 0 -1.544284 580.774470 178.033878 641.689645 236.933218 1.609268 1.664986 3.204451 0.037687 1.777625 21.506547 -1.543449 1.0
229 -1 Car 0 0 -1.543592 580.296240 178.424788 640.880015 237.005410 1.609268 1.664986 3.204451 0.019868 1.789246 21.614900 -1.543581 1.0
230 -1 Car 0 0 -1.542909 579.823144 178.811483 640.079122 237.076825 1.609268 1.664986 3.204451 0.002048 1.800866 21.723253 -1.543714 1.0
231 -1 Car 0 0 -1.542234 579.355100 179.194031 639.286824 237.147477 1.609268 1.664986 3.204451 -0.015772 1.812487 21.831605 -1.543846 1.0
232 -1 Car 0 0 -1.540080 578.988328 179.036829 638.650666 236.730658 1.609268 1.664986 3.204451 -0.027356 1.808824 21.921446 -1.542206 1.0
233 -1 Car 0 0 -1.537931 578.624918 178.880993 638.019954 236.317550 1.609268 1.664986 3.204451 -0.038941 1.805162 22.011287 -1.540567 1.0
234 -1 Car 0 0 -1.535786 578.264828 178.726505 637.394616 235.908103 1.609268 1.664986 3.204451 -0.050526 1.801499 22.101128 -1.538928 1.0
235 -1 Car 0 0 -1.533646 577.908012 178.573347 636.774585 235.502269 1.609268 1.664986 3.204451 -0.062111 1.797836 22.190969 -1.537288 1.0
236 -1 Car 0 0 -1.531835 577.830220 178.302051 636.394928 234.940610 1.609268 1.664986 3.204451 -0.066419 1.790862 22.295503 -1.535649 1.0
237 -1 Car 0 0 -1.530026 577.753308 178.033452 636.054364 234.384655 1.609268 1.664986 3.204451 -0.070727 1.783889 22.400037 -1.534009 1.0
238 -1 Car 0 0 -1.528218 577.677263 177.767510 635.888945 233.834316 1.609268 1.664986 3.204451 -0.075035 1.776915 22.504572 -1.532370 1.0
239 -1 Car 0 0 -1.526412 577.602072 177.504185 635.724870 233.289510 1.609268 1.664986 3.204451 -0.079343 1.769941 22.609106 -1.530730 1.0
240 -1 Car 0 0 -1.524608 577.527722 177.243440 635.562120 232.750153 1.609268 1.664986 3.204451 -0.083651 1.762967 22.713640 -1.529091 1.0
241 -1 Car 0 0 -1.522805 577.454202 176.985236 635.400679 232.216165 1.609268 1.664986 3.204451 -0.087958 1.755994 22.818175 -1.527452 1.0
242 -1 Car 0 0 -1.518458 577.786460 176.451674 635.988376 231.497650 1.609268 1.664986 3.204451 -0.073563 1.740589 22.886161 -1.522464 1.0
243 -1 Car 0 0 -1.514108 578.117288 175.921340 636.572406 230.783903 1.609268 1.664986 3.204451 -0.059168 1.725185 22.954147 -1.517476 1.0
244 -1 Car 0 0 -1.509754 578.446705 175.394207 637.152795 230.074881 1.609268 1.664986 3.204451 -0.044773 1.709781 23.022133 -1.512488 1.0
245 -1 Car 0 0 -1.505396 578.774729 174.870250 637.729568 229.370539 1.609268 1.664986 3.204451 -0.030378 1.694376 23.090119 -1.507500 1.0
246 -1 Car 0 0 -1.501494 579.451914 174.908825 638.635089 229.254269 1.609268 1.664986 3.204451 -0.005030 1.695627 23.147538 -1.502512 1.0
247 -1 Car 0 0 -1.497586 580.126051 174.947225 639.536113 229.138572 1.609268 1.664986 3.204451 0.020317 1.696878 23.204958 -1.497524 1.0
248 -1 Car 0 0 -1.493674 580.797169 174.985450 640.432668 229.023441 1.609268 1.664986 3.204451 0.045664 1.698129 23.262378 -1.492536 1.0
249 -1 Car 0 0 -1.489755 581.465298 175.023501 641.324781 228.908875 1.609268 1.664986 3.204451 0.071011 1.699381 23.319798 -1.487548 1.0
250 -1 Car 0 0 -1.485832 582.130464 175.061380 642.212478 228.794868 1.609268 1.664986 3.204451 0.096359 1.700632 23.377217 -1.482560 1.0
251 -1 Car 0 0 -1.481904 582.792697 175.099087 643.095786 228.681416 1.609268 1.664986 3.204451 0.121706 1.701883 23.434637 -1.477572 1.0
252 -1 Car 0 0 -1.483615 584.307777 175.491925 644.338618 228.966921 1.609268 1.664986 3.204451 0.166506 1.713896 23.477482 -1.477412 1.0
253 -1 Car 0 0 -1.485320 585.816941 175.883227 645.577212 229.251309 1.609268 1.664986 3.204451 0.211305 1.725909 23.520327 -1.477252 1.0
254 -1 Car 0 0 -1.487019 587.320224 176.273002 646.811589 229.534588 1.609268 1.664986 3.204451 0.256105 1.737923 23.563171 -1.477093 1.0
255 -1 Car 0 0 -1.488710 588.817659 176.661260 648.041771 229.816764 1.609268 1.664986 3.204451 0.300905 1.749936 23.606016 -1.476933 1.0
256 -1 Car 0 0 -1.490395 590.309282 177.048010 649.267780 230.097844 1.609268 1.664986 3.204451 0.345705 1.761950 23.648861 -1.476774 1.0
257 -1 Car 0 0 -1.491696 591.473294 176.846237 650.244471 229.833628 1.609268 1.664986 3.204451 0.381015 1.755943 23.675336 -1.476614 1.0
258 -1 Car 0 0 -1.492993 592.634514 176.644946 651.219123 229.570045 1.609268 1.664986 3.204451 0.416326 1.749936 23.701810 -1.476454 1.0
259 -1 Car 0 0 -1.494287 593.792953 176.444137 652.191743 229.307095 1.609268 1.664986 3.204451 0.451636 1.743930 23.728285 -1.476295 1.0
260 -1 Car 0 0 -1.495578 594.948621 176.243807 653.162336 229.044774 1.609268 1.664986 3.204451 0.486946 1.737923 23.754760 -1.476135 1.0
261 -1 Car 0 0 -1.496866 596.101528 176.043954 654.130910 228.783080 1.609268 1.664986 3.204451 0.522257 1.731917 23.781235 -1.475975 1.0
262 -1 Car 0 0 -1.498151 597.251683 175.844577 655.097470 228.522012 1.609268 1.664986 3.204451 0.557567 1.725910 23.807709 -1.475816 1.0
263 -1 Car 0 0 -1.499246 598.251380 176.286284 655.949209 228.916079 1.609268 1.664986 3.204451 0.588424 1.739559 23.826565 -1.475656 1.0
264 -1 Car 0 0 -1.500340 599.249378 176.727245 656.799693 229.309475 1.609268 1.664986 3.204451 0.619281 1.753208 23.845421 -1.475496 1.0
264 -1 Car 0 1 1.774279 589.447802 178.340729 610.006630 191.916362 1.405559 1.534839 3.368124 -1.081761 2.001910 77.099286 1.759931 1.0
265 -1 Car 0 0 -1.501431 600.245679 177.167462 657.648922 229.702201 1.609268 1.664986 3.204451 0.650137 1.766858 23.864277 -1.475337 1.0
265 -1 Car 0 0 1.776332 585.016472 178.431787 606.454038 192.558893 1.405559 1.534839 3.368124 -1.450902 1.988679 74.150167 1.756465 1.0
266 -1 Car 0 0 -1.502368 601.101989 177.090007 658.400176 229.606812 1.609268 1.664986 3.204451 0.676834 1.764516 23.871975 -1.475177 1.0
266 -1 FilteredCar 2 2 1.750127 604.499772 176.971953 627.822019 192.447345 1.437378 1.606182 3.660790 0.610259 1.848311 69.503058 1.758495 1.0
266 -1 Car 0 0 1.778839 580.209826 178.530580 602.613536 193.255871 1.405559 1.534839 3.368124 -1.820043 1.975448 71.201047 1.752999 1.0
267 -1 Car 0 0 -1.503304 601.957699 177.012606 659.150983 229.511491 1.609268 1.664986 3.204451 0.703530 1.762175 23.879674 -1.475017 1.0
267 -1 FilteredCar 0 2 1.752371 600.143883 177.088974 624.647383 193.314205 1.437378 1.606182 3.660790 0.236587 1.840923 66.367807 1.755534 1.0
267 -1 Car 0 0 1.781858 574.978059 178.638134 598.448660 194.014522 1.405559 1.534839 3.368124 -2.189184 1.962217 68.251927 1.749534 1.0
268 -1 Car 0 0 -1.504240 602.812809 176.935258 659.901343 229.416236 1.609268 1.664986 3.204451 0.730227 1.759834 23.887373 -1.474858 1.0
268 -1 FilteredCar 0 2 1.755129 595.344205 177.217961 621.166194 194.269424 1.437378 1.606182 3.660790 -0.137085 1.833535 63.232557 1.752574 1.0
268 -1 Car 0 0 1.785456 569.262144 178.755670 593.916516 194.843412 1.405559 1.534839 3.368124 -2.558325 1.948986 65.302807 1.746068 1.0
269 -1 Car 0 0 -1.505175 603.667321 176.857962 660.651257 229.321048 1.609268 1.664986 3.204451 0.756923 1.757493 23.895072 -1.474698 1.0
269 -1 Car 0 1 1.758481 590.029260 177.360848 617.331810 195.327237 1.437378 1.606182 3.660790 -0.510757 1.826147 60.097306 1.749613 1.0
269 -1 Car 0 0 1.789716 562.991599 178.884645 588.966304 195.752768 1.405559 1.534839 3.368124 -2.927466 1.935755 62.353688 1.742602 1.0
270 -1 Car 0 0 -1.506109 604.521233 176.780720 661.400726 229.225927 1.609268 1.664986 3.204451 0.783619 1.755151 23.902771 -1.474538 1.0
270 -1 Car 0 1 1.762524 584.111349 177.520008 613.087625 196.505109 1.437378 1.606182 3.660790 -0.884430 1.818760 56.962055 1.746653 1.0
270 -1 Car 0 0 1.794732 556.081559 179.026814 583.537395 196.754905 1.405559 1.534839 3.368124 -3.296607 1.922524 59.404568 1.739136 1.0
271 -1 Car 0 0 -1.507042 605.374549 176.703530 662.149749 229.130872 1.609268 1.664986 3.204451 0.810316 1.752810 23.910470 -1.474379 1.0
271 -1 Car 0 0 1.767376 577.481673 177.698390 608.364252 197.824710 1.437378 1.606182 3.660790 -1.258102 1.811372 53.826805 1.743692 1.0
271 -1 Car 0 0 1.800621 548.428920 179.180953 577.556848 197.864788 1.405559 1.534839 3.368124 -3.665748 1.909293 56.455449 1.735670 1.0
272 -1 Car 0 0 -1.510146 605.755750 176.610894 662.201063 229.005499 1.609268 1.664986 3.204451 0.817816 1.750080 23.927209 -1.477195 1.0
272 -1 Car 0 0 1.762471 571.301886 177.723711 603.904102 199.163706 1.437378 1.606182 3.660790 -1.555869 1.791929 50.642378 1.731478 1.0
272 -1 Car 0 0 1.807625 540.572534 179.247246 571.631829 199.013517 1.405559 1.534839 3.368124 -3.980781 1.888015 53.457444 1.733242 1.0
273 -1 Car 0 0 -1.513250 606.136729 176.518418 662.252104 228.880253 1.609268 1.664986 3.204451 0.825316 1.747350 23.943949 -1.480012 1.0
273 -1 Car 0 0 1.758538 564.261642 177.752595 598.866028 200.689671 1.437378 1.606182 3.660790 -1.853636 1.772487 47.457952 1.719263 1.0
273 -1 Car 0 0 1.815728 531.752841 179.321176 565.024118 200.303150 1.405559 1.534839 3.368124 -4.295814 1.866737 50.459439 1.730814 1.0
274 -1 Car 0 0 -1.516354 606.517483 176.426100 662.302872 228.755135 1.609268 1.664986 3.204451 0.832816 1.744619 23.960689 -1.482828 1.0
274 -1 Car 0 0 1.755781 556.167198 177.785845 593.130416 202.444707 1.437378 1.606182 3.660790 -2.151403 1.753044 44.273525 1.707048 1.0
274 -1 Car 0 0 1.825131 521.781077 179.404141 557.608522 201.761307 1.405559 1.534839 3.368124 -4.610847 1.845459 47.461434 1.728387 1.0
275 -1 Car 0 0 -1.520680 607.836386 175.438537 663.191763 227.752221 1.609268 1.664986 3.204451 0.869553 1.714159 23.972064 -1.485644 1.0
275 -1 Car 0 0 1.754469 546.761949 177.824521 586.542183 204.484580 1.437378 1.606182 3.660790 -2.449170 1.733602 41.089098 1.694834 1.0
275 -1 Car 0 1 1.836087 510.415720 179.497907 549.227250 203.423328 1.405559 1.534839 3.368124 -4.925881 1.824181 44.463429 1.725959 1.0
276 -1 Car 0 0 -1.525005 609.154521 174.452158 664.079481 226.750052 1.609268 1.664986 3.204451 0.906291 1.683699 23.983440 -1.488461 1.0
276 -1 Car 0 0 1.754958 535.698673 177.870060 578.896571 206.884762 1.437378 1.606182 3.660790 -2.746937 1.714159 37.904672 1.682619 1.0
276 -1 Car 0 1 1.848915 497.342661 179.604728 539.678551 205.335181 1.405559 1.534839 3.368124 -5.240914 1.802904 41.465425 1.723531 1.0
277 -1 Car 0 0 -1.529329 610.471885 173.466961 664.966030 225.748628 1.609268 1.664986 3.204451 0.943029 1.653239 23.994816 -1.491277 1.0
277 -1 Car 0 0 1.751982 525.048553 178.384382 572.012831 210.176768 1.437378 1.606182 3.660790 -2.936233 1.715961 34.754886 1.667813 1.0
277 -1 Car 0 1 1.849615 483.846829 180.016579 529.721650 207.933844 1.405559 1.534839 3.368124 -5.472104 1.796643 38.386141 1.708512 1.0
278 -1 Car 0 0 -1.531894 610.439518 174.229414 664.657517 226.479193 1.609268 1.664986 3.204451 0.937719 1.676918 24.009032 -1.494094 1.0
278 -1 Car 0 0 1.751312 512.147878 179.007419 563.830327 214.166281 1.437378 1.606182 3.660790 -3.125529 1.717763 31.605100 1.653006 1.0
278 -1 Car 0 1 1.852946 467.882301 180.496873 518.105264 211.008905 1.405559 1.534839 3.368124 -5.703295 1.790382 35.306858 1.693494 1.0
279 -1 Car 0 0 -1.535708 611.386784 174.250572 665.480499 226.446140 1.609268 1.664986 3.204451 0.962987 1.677655 24.034512 -1.496910 1.0
279 -1 Car 0 0 1.753687 496.197000 179.777660 553.944750 219.101227 1.437378 1.606182 3.660790 -3.314825 1.719565 28.455314 1.638200 1.0
279 -1 Car 0 1 1.859610 448.701986 181.064224 504.378041 214.704579 1.405559 1.534839 3.368124 -5.934485 1.784122 32.227575 1.678475 1.0
280 -1 Car 0 0 -1.539519 612.332372 174.271683 666.376013 226.413127 1.609268 1.664986 3.204451 0.988255 1.678393 24.059992 -1.499726 1.0
280 -1 Car 0 0 1.759400 476.516549 180.836992 542.385570 225.689014 1.437378 1.606182 3.660790 -3.475309 1.727683 25.246563 1.623394 1.0
280 -1 Car 0 1 1.879046 426.550061 182.068305 489.847909 219.619467 1.405559 1.534839 3.368124 -6.094313 1.791508 29.123846 1.674075 1.0
281 -1 Car 0 0 -1.543329 613.276286 174.292748 667.269115 226.380153 1.609268 1.664986 3.204451 1.013523 1.679130 24.085472 -1.502543 1.0
281 -1 Car 0 0 1.770840 450.585002 182.164620 527.720482 234.373092 1.437378 1.606182 3.660790 -3.635793 1.735801 22.037811 1.608587 1.0
281 -1 Car 0 1 1.903780 398.764578 183.297614 472.056255 225.785149 1.405559 1.534839 3.368124 -6.254142 1.798894 26.020117 1.669676 1.0
282 -1 Car 0 0 -1.547136 614.218528 174.313766 668.159813 226.347218 1.609268 1.664986 3.204451 1.038790 1.679868 24.110951 -1.505359 1.0
282 -1 Car 0 0 1.796312 417.106999 183.258207 511.105885 245.338353 1.437378 1.606182 3.660790 -3.744439 1.726409 18.885707 1.602535 1.0
282 -1 Car 0 1 1.935728 362.883168 184.837508 449.766285 233.748711 1.405559 1.534839 3.368124 -6.413970 1.806281 22.916387 1.665276 1.0
283 -1 Car 0 0 -1.550780 615.051447 174.334946 668.900941 226.277144 1.609268 1.664986 3.204451 1.060809 1.680645 24.152691 -1.508176 1.0
283 -1 Car 0 0 1.833534 368.469085 184.743771 488.529695 261.274901 1.437378 1.606182 3.660790 -3.853085 1.717017 15.733603 1.596482 1.0
283 -1 FilteredCar 0 2 1.977804 314.763691 186.822711 421.025384 244.430748 1.405559 1.534839 3.368124 -6.573798 1.813667 19.812658 1.660876 1.0
284 -1 Car 0 0 -1.554420 615.881723 174.356048 669.638970 226.207285 1.609268 1.664986 3.204451 1.082827 1.681423 24.194431 -1.510992 1.0
284 -1 Car 0 0 1.890273 291.358300 186.878077 456.082690 286.554444 1.437378 1.606182 3.660790 -3.961731 1.707625 12.581499 1.590429 1.0
284 -1 FilteredCar 0 2 2.030618 250.716435 188.184541 385.559361 257.822593 1.405559 1.534839 3.368124 -6.665186 1.788682 16.733858 1.656476 1.0
285 -1 Car 0 0 -1.558058 616.709368 174.377074 670.373917 226.137640 1.609268 1.664986 3.204451 1.104845 1.682200 24.236171 -1.513808 1.0
285 -1 Car 0 0 1.976770 157.675474 190.078810 409.192693 331.610491 1.437378 1.606182 3.660790 -4.027496 1.697554 9.483366 1.584376 1.0
285 -1 FilteredCar 0 2 2.104331 153.917903 190.094175 335.812565 278.115491 1.405559 1.534839 3.368124 -6.756575 1.763698 13.655058 1.652076 1.0
286 -1 Car 0 0 -1.561694 617.534392 174.398024 671.105795 226.068208 1.609268 1.664986 3.204451 1.126863 1.682977 24.277912 -1.516625 1.0
286 -1 Car 1 0 2.130232 0.000000 195.686393 326.975679 374.000000 1.437378 1.606182 3.660790 -4.093262 1.687483 6.385233 1.578324 1.0
286 -1 FilteredCar 0 3 2.174705 7.579208 193.711690 266.665141 311.416326 1.405559 1.534839 3.368124 -6.797661 1.756056 10.740199 1.621214 1.0
287 -1 Car 0 0 -1.565326 618.356806 174.418899 671.834621 225.998987 1.609268 1.664986 3.204451 1.148882 1.683755 24.319652 -1.519441 1.0
287 -1 Car 1 0 2.402607 0.000000 206.560811 168.407942 374.000000 1.437378 1.606182 3.660790 -4.118555 1.676257 3.489400 1.572271 1.0
287 -1 FilteredCar 1 3 2.226726 0.000000 199.536647 177.194584 351.118280 1.405559 1.534839 3.368124 -6.813152 1.767312 8.331286 1.556668 1.0
288 -1 Car 0 0 -1.568955 619.176622 174.439699 672.560410 225.929977 1.609268 1.664986 3.204451 1.170900 1.684532 24.361392 -1.522258 1.0
289 -1 Car 0 0 -1.571437 619.134457 174.475527 672.342444 225.801419 1.609268 1.664986 3.204451 1.166132 1.685861 24.436432 -1.525074 1.0
290 -1 Car 0 0 -1.573921 619.092779 174.511118 672.125723 225.673646 1.609268 1.664986 3.204451 1.161364 1.687190 24.511473 -1.527891 1.0
291 -1 Car 0 0 -1.576406 619.051581 174.546476 671.910234 225.546651 1.609268 1.664986 3.204451 1.156596 1.688520 24.586513 -1.530707 1.0
292 -1 Car 0 0 -1.578894 619.010859 174.581602 671.695963 225.420427 1.609268 1.664986 3.204451 1.151828 1.689849 24.661554 -1.533523 1.0
293 -1 Car 0 0 -1.581383 618.970607 174.616499 671.482899 225.294967 1.609268 1.664986 3.204451 1.147060 1.691178 24.736594 -1.536340 1.0
