0 -1 Car 0 0 1.482157 478.059780 163.121733 513.696890 192.268388 1.500000 1.589289 3.603515 -6.001341 0.597486 38.626173 1.331191 1.0
0 -1 Car 0 1 2.534859 1033.386338 153.441393 1191.003247 207.121271 1.882812 1.815625 4.570312 18.875830 0.930846 26.475910 -3.133003 1.0
0 -1 Car 0 1 1.625889 495.366808 168.156498 524.104782 190.803540 1.355712 1.569157 4.063350 -6.012486 0.607545 44.987976 1.495820 1.0
0 -1 FilteredCar 0 2 -0.390659 499.748908 166.798173 550.522174 183.274408 1.500000 1.697545 4.453753 -7.524071 0.227662 67.036561 -0.500074 1.0
1 -1 Car 0 0 1.485632 478.337056 163.380056 513.835938 192.604314 1.500000 1.589289 3.603515 -5.975824 0.613274 38.533825 1.334945 1.0
1 -1 Car 0 1 2.537030 1033.514987 153.455083 1191.263330 207.143716 1.882812 1.815625 4.570312 18.878895 0.931677 26.470993 -3.130669 1.0
1 -1 Car 0 1 1.628981 495.342787 168.150258 524.291538 190.810768 1.355712 1.569157 4.063350 -6.003640 0.607566 44.962479 1.499032 1.0
1 -1 FilteredCar 0 2 -0.406615 501.267574 166.779365 551.922046 183.221326 1.500000 1.697545 4.453753 -7.396106 0.223301 67.141870 -0.513984 1.0
2 -1 Car 0 0 1.489107 478.615778 163.639748 513.975447 192.941902 1.500000 1.589289 3.603515 -5.950307 0.629062 38.441476 1.338700 1.0
2 -1 Car 0 1 2.539202 1033.644033 153.468794 1191.523161 207.166149 1.882812 1.815625 4.570312 18.881959 0.932507 26.466075 -3.128335 1.0
2 -1 Car 0 1 1.632074 495.318902 168.144015 524.478378 190.817996 1.355712 1.569157 4.063350 -5.994793 0.607588 44.936982 1.502243 1.0
2 -1 Car 0 1 -0.422566 502.787872 166.760684 553.311386 183.168305 1.500000 1.697545 4.453753 -7.268142 0.218940 67.247180 -0.527894 1.0
3 -1 Car 0 0 1.492579 478.895955 163.900820 514.115421 193.281164 1.500000 1.589289 3.603515 -5.924791 0.644850 38.349128 1.342455 1.0
3 -1 Car 0 1 2.541373 1033.773474 153.482524 1191.782741 207.188572 1.882812 1.815625 4.570312 18.885024 0.933337 26.461158 -3.126001 1.0
3 -1 Car 0 1 1.635166 495.295154 168.137769 524.665302 190.825223 1.355712 1.569157 4.063350 -5.985946 0.607609 44.911486 1.505454 1.0
3 -1 Car 0 1 -0.470477 503.605598 166.765746 553.861079 183.126392 1.500000 1.697545 4.453753 -7.208548 0.215914 67.334084 -0.574798 1.0
4 -1 Car 0 0 1.496051 479.177595 164.163281 514.255868 193.622112 1.500000 1.589289 3.603515 -5.899274 0.660638 38.256779 1.346210 1.0
4 -1 Car 0 1 2.543545 1033.903312 153.496275 1192.042067 207.210984 1.882812 1.815625 4.570312 18.888088 0.934168 26.456240 -3.123667 1.0
4 -1 Car 0 1 1.638258 495.271545 168.131522 524.852308 190.832449 1.355712 1.569157 4.063350 -5.977100 0.607630 44.885989 1.508666 1.0
4 -1 Car 0 1 -0.518387 504.479759 166.771299 554.353539 183.087966 1.500000 1.697545 4.453753 -7.148955 0.212887 67.420988 -0.621703 1.0
5 -1 Car 0 0 1.499521 479.460706 164.427143 514.396790 193.964757 1.500000 1.589289 3.603515 -5.873758 0.676426 38.164431 1.349964 1.0
5 -1 Car 0 1 2.545716 1034.033546 153.510045 1192.301140 207.233385 1.882812 1.815625 4.570312 18.891152 0.934998 26.451322 -3.121333 1.0
5 -1 FilteredCar 0 2 1.641350 495.248076 168.125273 525.039397 190.839675 1.355712 1.569157 4.063350 -5.968253 0.607651 44.860493 1.511877 1.0
5 -1 Car 0 1 -0.625479 508.486311 167.299288 557.209460 183.589748 1.500000 1.697545 4.453753 -6.816929 0.259136 67.447337 -0.723916 1.0
6 -1 Car 0 0 1.502989 479.745299 164.692417 514.538195 194.309112 1.500000 1.589289 3.603515 -5.848241 0.692214 38.072082 1.353719 1.0
6 -1 Car 0 1 2.547887 1034.164176 153.523836 1192.559958 207.255776 1.882812 1.815625 4.570312 18.894217 0.935828 26.446405 -3.118998 1.0
6 -1 FilteredCar 0 2 1.635559 495.876226 168.368099 525.342177 191.116726 1.355712 1.569157 4.063350 -5.930766 0.623538 44.797246 1.506716 1.0
6 -1 Car 0 1 -0.732572 512.777534 167.795162 559.798203 184.090484 1.500000 1.697545 4.453753 -6.484903 0.305386 67.473687 -0.826129 1.0
7 -1 Car 0 0 1.506457 480.031380 164.959112 514.680087 194.655189 1.500000 1.589289 3.603515 -5.822724 0.708002 37.979734 1.357474 1.0
7 -1 Car 0 1 2.554370 1036.119485 154.340677 1195.784729 208.329845 1.882812 1.815625 4.570312 18.895844 0.970502 26.319104 -3.110236 1.0
7 -1 FilteredCar 0 2 1.629766 496.506765 168.611607 525.645377 191.394620 1.355712 1.569157 4.063350 -5.893280 0.639425 44.733999 1.501556 1.0
7 -1 Car 0 1 -0.734423 514.562381 168.595125 561.567811 184.895729 1.500000 1.697545 4.453753 -6.311335 0.380762 67.430639 -0.825517 1.0
8 -1 Car 0 0 1.509923 480.318959 165.227240 514.822471 195.003000 1.500000 1.589289 3.603515 -5.797208 0.723790 37.887385 1.361228 1.0
8 -1 Car 0 1 2.560838 1038.095960 155.167186 1199.040519 209.412833 1.882812 1.815625 4.570312 18.897471 1.005176 26.191804 -3.101473 1.0
8 -1 Car 0 1 1.623971 497.139697 168.855796 525.949005 191.673359 1.355712 1.569157 4.063350 -5.855793 0.655312 44.670753 1.496395 1.0
8 -1 Car 0 1 -0.736280 516.349484 169.366013 563.339703 185.701988 1.500000 1.697545 4.453753 -6.137767 0.456138 67.387591 -0.824905 1.0
9 -1 Car 0 0 1.512318 481.305110 165.192884 515.831151 195.139828 1.500000 1.589289 3.603515 -5.713323 0.726457 37.682551 1.364983 1.0
9 -1 Car 0 1 2.567291 1040.093879 156.003525 1202.327829 210.504845 1.882812 1.815625 4.570312 18.899099 1.039850 26.064504 -3.092711 1.0
9 -1 FilteredCar 0 2 1.618175 497.775026 169.100669 526.253067 191.952947 1.355712 1.569157 4.063350 -5.818306 0.671199 44.607506 1.491234 1.0
9 -1 Car 0 1 -0.835905 518.783376 169.345402 563.527053 185.612477 1.500000 1.697545 4.453753 -6.034180 0.448777 67.680376 -0.922632 1.0
10 -1 Car 0 0 1.514698 482.301604 165.158140 516.851326 195.278205 1.500000 1.589289 3.603515 -5.629438 0.729124 37.477717 1.368738 1.0
10 -1 Car 0 1 2.573730 1042.113521 156.849863 1205.647167 211.605990 1.882812 1.815625 4.570312 18.900726 1.074524 25.937203 -3.083948 1.0
10 -1 FilteredCar 0 2 1.612376 498.412758 169.346228 526.557570 192.233386 1.355712 1.569157 4.063350 -5.780819 0.687086 44.544260 1.486073 1.0
10 -1 Car 0 0 -0.935515 521.430552 169.278464 563.508520 185.518987 1.500000 1.697545 4.453753 -5.930593 0.441416 67.973161 -1.020360 1.0
11 -1 Car 0 0 1.517063 483.308601 165.122999 517.883200 195.418158 1.500000 1.589289 3.603515 -5.545554 0.731791 37.272883 1.372493 1.0
11 -1 Car 0 1 2.576015 1048.474684 156.922593 1213.744988 211.962060 1.882812 1.815625 4.570312 19.060752 1.082063 25.800853 -3.075186 1.0
11 -1 FilteredCar 0 2 1.610956 500.625082 169.277985 528.753973 192.239701 1.355712 1.569157 4.063350 -5.624495 0.685148 44.405944 1.487702 1.0
11 -1 Car 0 0 -1.012452 525.756062 169.178188 565.467145 185.381297 1.500000 1.697545 4.453753 -5.650023 0.430162 68.248716 -1.092886 1.0
12 -1 Car 0 0 1.519412 484.326263 165.087455 518.926978 195.559713 1.500000 1.589289 3.603515 -5.461669 0.734458 37.068049 1.376247 1.0
12 -1 Car 0 1 2.578295 1054.897328 156.996373 1221.938499 212.321292 1.882812 1.815625 4.570312 19.220778 1.089602 25.664503 -3.066423 1.0
12 -1 FilteredCar 0 2 1.610050 502.445287 169.214457 530.594923 192.252344 1.355712 1.569157 4.063350 -5.492132 0.683551 44.265597 1.489330 1.0
12 -1 Car 0 0 -1.089356 530.171130 169.079924 567.304685 185.241867 1.500000 1.697545 4.453753 -5.369454 0.418909 68.524270 -1.165413 1.0
13 -1 Car 0 0 1.521745 485.354758 165.051501 519.982873 195.702899 1.500000 1.589289 3.603515 -5.377784 0.737125 36.863215 1.380002 1.0
13 -1 Car 0 1 2.580569 1061.382330 157.166967 1223.000000 212.683729 1.882812 1.815625 4.570312 19.380805 1.097141 25.528152 -3.057660 1.0
13 -1 FilteredCar 0 2 1.609126 504.277602 169.150503 532.447100 192.265068 1.355712 1.569157 4.063350 -5.359768 0.681954 44.125249 1.490958 1.0
13 -1 Car 0 0 -1.140601 533.811318 169.006824 569.137804 185.149537 1.500000 1.697545 4.453753 -5.114930 0.411263 68.664345 -1.212832 1.0
14 -1 Car 0 0 1.527292 488.064155 164.962550 522.613759 195.913130 1.500000 1.589289 3.603515 -5.191739 0.740068 36.526734 1.389204 1.0
14 -1 Car 0 1 2.571024 1067.357179 156.883642 1223.000000 212.945613 1.882812 1.815625 4.570312 19.416345 1.092789 25.240915 -3.060951 1.0
14 -1 FilteredCar 0 2 1.607855 506.369070 168.858063 534.534414 192.048542 1.355712 1.569157 4.063350 -5.212932 0.666785 43.986051 1.492586 1.0
14 -1 Car 0 0 -1.191832 537.485938 168.934666 570.922438 185.056403 1.500000 1.697545 4.453753 -4.860406 0.403617 68.804420 -1.260251 1.0
15 -1 Car 0 0 1.532768 490.821628 164.871887 525.295833 196.127337 1.500000 1.589289 3.603515 -5.005693 0.743012 36.190253 1.398407 1.0
15 -1 Car 0 1 2.561398 1073.468099 156.593330 1223.000000 213.213853 1.882812 1.815625 4.570312 19.451886 1.088437 24.953677 -3.064242 1.0
15 -1 FilteredCar 0 2 1.606564 508.474421 168.563660 536.634436 191.830580 1.355712 1.569157 4.063350 -5.066095 0.651616 43.846853 1.494215 1.0
15 -1 Car 0 1 -1.227275 541.227634 168.859772 573.289836 184.957145 1.500000 1.697545 4.453753 -4.572745 0.395285 68.937342 -1.291424 1.0
16 -1 Car 0 0 1.538103 493.649834 164.769386 528.112098 196.389106 1.500000 1.589289 3.603515 -4.809520 0.746749 35.796196 1.407609 1.0
16 -1 Car 0 1 2.551690 1079.719768 156.295733 1223.000000 213.488683 1.882812 1.815625 4.570312 19.487427 1.084085 24.666439 -3.067533 1.0
16 -1 FilteredCar 0 2 1.606858 511.682264 168.593852 539.939022 191.942661 1.355712 1.569157 4.063350 -4.847859 0.655804 43.700355 1.499027 1.0
16 -1 Car 0 1 -1.262703 544.975811 168.785491 575.630802 184.857734 1.500000 1.697545 4.453753 -4.285085 0.386952 69.070264 -1.322598 1.0
17 -1 Car 0 0 1.543349 496.538003 164.664506 530.994183 196.656857 1.500000 1.589289 3.603515 -4.613347 0.750487 35.402140 1.416811 1.0
17 -1 Car 0 1 2.539543 1088.730742 156.111721 1223.000000 213.866226 1.882812 1.815625 4.570312 19.612556 1.082633 24.372717 -3.070824 1.0
17 -1 FilteredCar 0 2 1.607118 514.912656 168.624276 543.264970 192.055496 1.355712 1.569157 4.063350 -4.629622 0.659991 43.553858 1.503839 1.0
17 -1 FilteredCar 0 2 -1.304929 549.411967 168.703325 578.373996 184.759010 1.500000 1.697545 4.453753 -3.941313 0.378555 69.168323 -1.359806 1.0
18 -1 Car 0 0 1.548503 499.449375 164.557160 533.944473 196.930796 1.500000 1.589289 3.603515 -4.417174 0.754225 35.008084 1.426014 1.0
18 -1 Car 0 1 2.527311 1097.958485 155.922248 1223.000000 214.253503 1.882812 1.815625 4.570312 19.737685 1.081180 24.078994 -3.074115 1.0
18 -1 FilteredCar 0 2 1.607525 518.019286 167.988355 546.479501 191.501141 1.355712 1.569157 4.063350 -4.419924 0.625125 43.407143 1.508651 1.0
18 -1 FilteredCar 0 2 -1.347143 553.862613 168.621894 581.087201 184.659861 1.500000 1.697545 4.453753 -3.597541 0.370157 69.266381 -1.397015 1.0
19 -1 Car 0 0 1.553561 502.067239 164.447259 536.965468 197.211140 1.500000 1.589289 3.603515 -4.221002 0.757962 34.614028 1.435216 1.0
19 -1 Car 0 1 2.514993 1107.410893 155.727055 1223.000000 214.650895 1.882812 1.815625 4.570312 19.862814 1.079727 23.785272 -3.077405 1.0
19 -1 FilteredCar 0 2 1.607899 521.147935 167.347793 549.714984 190.942901 1.355712 1.569157 4.063350 -4.210226 0.590260 43.260429 1.513463 1.0
19 -1 FilteredCar 0 2 -1.375085 557.788966 168.537402 583.801866 184.539904 1.500000 1.697545 4.453753 -3.281109 0.359987 69.428264 -1.420311 1.0
20 -1 Car 0 0 1.554335 505.610045 163.324685 541.025386 196.588613 1.500000 1.589289 3.603515 -3.976674 0.717765 34.115908 1.441283 1.0
20 -1 Car 0 1 2.502590 1117.096249 155.525869 1223.000000 215.058804 1.882812 1.815625 4.570312 19.987943 1.078274 23.491549 -3.080696 1.0
20 -1 Car 0 1 1.607962 524.500684 166.213707 553.154408 189.890481 1.355712 1.569157 4.063350 -3.988909 0.526944 43.114580 1.518276 1.0
20 -1 Car 0 1 -1.403008 561.707076 168.453537 586.495630 184.420211 1.500000 1.697545 4.453753 -2.964678 0.349817 69.590148 -1.443608 1.0
21 -1 Car 0 0 1.554947 509.264012 162.166682 545.212827 195.946626 1.500000 1.589289 3.603515 -3.732347 0.677567 33.617788 1.447351 1.0
21 -1 Car 1 1 2.490101 1127.023251 155.318400 1223.000000 215.477655 1.882812 1.815625 4.570312 20.113072 1.076822 23.197827 -3.083987 1.0
21 -1 FilteredCar 0 2 1.608476 528.054282 164.952881 557.120898 188.968754 1.355712 1.569157 4.063350 -3.708394 0.466369 42.531613 1.524067 1.0
21 -1 Car 0 1 -1.498649 566.949058 167.006250 587.636572 182.984265 1.500000 1.697545 4.453753 -2.654479 0.214369 69.568405 -1.534806 1.0
22 -1 Car 0 0 1.555390 513.034408 160.971551 549.533913 195.284259 1.500000 1.589289 3.603515 -3.488020 0.637369 33.119668 1.453418 1.0
22 -1 Car 1 1 2.485733 1137.602890 155.378271 1223.000000 216.196880 1.882812 1.815625 4.570312 20.239834 1.084283 22.880766 -3.078537 1.0
22 -1 FilteredCar 0 2 1.608839 531.711597 163.654962 561.192727 188.020244 1.355712 1.569157 4.063350 -3.427879 0.405795 41.948646 1.529857 1.0
22 -1 Car 0 1 -1.594293 571.776360 165.564627 590.333527 181.541070 1.500000 1.697545 4.453753 -2.344281 0.078920 69.546662 -1.626004 1.0
23 -1 Car 0 0 1.556355 516.017630 160.915412 553.086424 195.780559 1.500000 1.589289 3.603515 -3.284676 0.648573 32.625381 1.458944 1.0
23 -1 Car 1 1 2.481264 1148.458406 155.442152 1223.000000 216.936102 1.882812 1.815625 4.570312 20.366595 1.091745 22.563705 -3.073087 1.0
23 -1 Car 0 1 1.609429 535.218964 164.614655 565.140156 189.342787 1.355712 1.569157 4.063350 -3.161764 0.473050 41.366137 1.535648 1.0
23 -1 Car 0 1 -1.593903 575.774765 165.465127 594.319996 181.449213 1.500000 1.697545 4.453753 -1.950833 0.069994 69.517080 -1.619998 1.0
24 -1 Car 0 0 1.557178 519.098285 160.857466 556.755007 196.292925 1.500000 1.589289 3.603515 -3.081333 0.659778 32.131093 1.464470 1.0
24 -1 Car 1 1 2.482463 1159.378378 154.547231 1223.000000 216.727135 1.882812 1.815625 4.570312 20.484579 1.070088 22.240013 -3.061932 1.0
24 -1 Car 0 0 1.609866 538.831656 165.603457 569.195228 190.704800 1.355712 1.569157 4.063350 -2.895649 0.540305 40.783628 1.541439 1.0
24 -1 Car 0 0 -1.593519 579.776137 165.365541 598.310301 181.357278 1.500000 1.697545 4.453753 -1.557386 0.061068 69.487499 -1.613993 1.0
25 -1 Car 0 0 1.557850 522.281188 160.797621 560.545465 196.822150 1.500000 1.589289 3.603515 -2.877989 0.670982 31.636806 1.469996 1.0
25 -1 Car 1 1 2.483556 1170.593785 153.633970 1223.000000 216.512013 1.882812 1.815625 4.570312 20.602562 1.048430 21.916321 -3.050778 1.0
25 -1 Car 0 1 1.610688 542.150284 167.001243 572.997748 192.487095 1.355712 1.569157 4.063350 -2.651318 0.628009 40.200870 1.547230 1.0
25 -1 Car 0 0 -1.614267 582.867415 165.287943 602.308309 181.260209 1.500000 1.697545 4.453753 -1.211399 0.052302 69.560633 -1.629768 1.0
26 -1 Car 0 0 1.558365 525.571471 160.735780 564.463992 197.369078 1.500000 1.589289 3.603515 -2.674646 0.682186 31.142519 1.475521 1.0
26 -1 Car 1 1 2.484544 1182.116527 152.781150 1223.000000 216.039833 1.882812 1.815625 4.570312 20.720546 1.026773 21.592629 -3.039623 1.0
26 -1 FilteredCar 0 2 1.608465 545.018710 165.118665 576.131797 190.979582 1.355712 1.569157 4.063350 -2.446121 0.538403 39.645123 1.549248 1.0
26 -1 Car 0 0 -1.635005 585.955976 165.210674 606.293270 181.163257 1.500000 1.697545 4.453753 -0.865412 0.043537 69.633766 -1.645543 1.0
27 -1 Car 0 0 1.568561 527.292771 161.192130 566.859884 198.469125 1.500000 1.589289 3.603515 -2.524259 0.714898 30.639650 1.489162 1.0
27 -1 Car 1 1 2.470053 1193.999049 154.798113 1223.000000 217.637403 1.882812 1.815625 4.570312 20.790193 1.085045 21.222056 -3.043932 1.0
27 -1 FilteredCar 0 2 1.607032 547.310803 165.249494 578.754672 191.498604 1.355712 1.569157 4.063350 -2.275595 0.557338 39.089116 1.551265 1.0
27 -1 Car 0 0 -1.717171 585.343596 165.358923 609.231587 181.301042 1.500000 1.697545 4.453753 -0.754645 0.058735 69.619899 -1.726132 1.0
28 -1 Car 0 0 1.578640 529.078144 161.665291 569.338851 199.607296 1.500000 1.589289 3.603515 -2.373872 0.747610 30.136781 1.502802 1.0
28 -1 Car 1 1 2.455413 1206.294672 156.785402 1223.000000 219.227591 1.882812 1.815625 4.570312 20.859840 1.143317 20.851483 -3.048241 1.0
28 -1 FilteredCar 0 2 1.605500 549.672641 165.384322 581.449551 192.033396 1.355712 1.569157 4.063350 -2.105069 0.576274 38.533108 1.553282 1.0
28 -1 Car 0 0 -1.799338 584.801906 165.510110 612.081309 181.437596 1.500000 1.697545 4.453753 -0.643878 0.073933 69.606031 -1.806720 1.0
29 -1 Car 0 0 1.579685 526.647080 162.156402 567.824986 200.958021 1.500000 1.589289 3.603515 -2.405546 0.783566 29.511427 1.501161 1.0
29 -1 Car 1 1 2.445869 1212.388275 158.534643 1223.000000 221.011708 1.882812 1.815625 4.570312 20.828850 1.197923 20.599387 -3.052550 1.0
29 -1 FilteredCar 0 2 1.610512 547.095388 166.771580 579.724007 193.836993 1.355712 1.569157 4.063350 -2.188880 0.658777 37.972609 1.555299 1.0
29 -1 Car 0 0 -1.822504 581.354370 167.139508 609.553975 183.067761 1.500000 1.697545 4.453753 -0.938633 0.229782 69.616368 -1.834127 1.0
30 -1 Car 0 0 1.580843 524.103387 162.670090 566.241497 202.371335 1.500000 1.589289 3.603515 -2.437220 0.819522 28.886074 1.499520 1.0
30 -1 Car 1 1 2.436253 1218.632508 160.284890 1223.000000 222.804744 1.882812 1.815625 4.570312 20.797860 1.252529 20.347290 -3.056860 1.0
30 -1 FilteredCar 0 2 1.615611 544.436741 168.202913 577.949251 195.697586 1.355712 1.569157 4.063350 -2.272691 0.741279 37.412110 1.557317 1.0
30 -1 Car 0 0 -1.845672 577.914079 168.766907 607.019170 184.697548 1.500000 1.697545 4.453753 -1.233388 0.385631 69.626705 -1.861533 1.0
31 -1 Car 0 0 1.578538 518.028453 162.663349 561.183386 203.298057 1.500000 1.589289 3.603515 -2.612031 0.834956 28.265734 1.489353 1.0
31 -1 Car 1 0 2.426054 1216.391318 159.809091 1223.000000 223.006947 1.882812 1.815625 4.570312 20.614654 1.244119 20.225391 -3.068523 1.0
31 -1 FilteredCar 0 2 1.612927 539.515775 168.394593 573.405861 196.379587 1.355712 1.569157 4.063350 -2.480812 0.761596 36.794899 1.548050 1.0
31 -1 Car 0 0 -1.864322 571.531098 169.624224 601.360159 185.555393 1.500000 1.697545 4.453753 -1.826428 0.468011 69.626540 -1.888671 1.0
32 -1 Car 0 0 1.576570 511.660483 162.656423 555.884639 204.269622 1.500000 1.589289 3.603515 -2.786841 0.850389 27.645395 1.479186 1.0
32 -1 Car 1 0 2.415877 1214.133092 159.324092 1223.000000 223.206551 1.882812 1.815625 4.570312 20.431449 1.235709 20.103491 -3.080187 1.0
32 -1 FilteredCar 0 2 1.610459 534.416442 168.593172 568.716114 197.086413 1.355712 1.569157 4.063350 -2.688934 0.781912 36.177687 1.538782 1.0
32 -1 Car 0 0 -1.882975 565.151139 170.480805 595.696436 186.413077 1.500000 1.697545 4.453753 -2.419467 0.550390 69.626375 -1.915809 1.0
33 -1 Car 0 0 1.578367 502.317747 162.644269 547.701680 205.299095 1.500000 1.589289 3.603515 -3.055003 0.865863 27.016330 1.469018 1.0
33 -1 Car 1 0 2.405721 1211.857379 158.829719 1223.000000 223.403716 1.882812 1.815625 4.570312 20.248243 1.227299 19.981592 -3.091851 1.0
33 -1 FilteredCar 0 2 1.613333 525.204049 167.438527 560.386336 196.463070 1.355712 1.569157 4.063350 -3.082137 0.737789 35.552900 1.529515 1.0
33 -1 Car 0 0 -1.938255 554.274530 169.225286 586.898346 185.140262 1.500000 1.697545 4.453753 -3.385868 0.431143 69.575370 -1.984891 1.0
34 -1 Car 0 0 1.580693 492.493242 162.631644 539.105868 206.381676 1.500000 1.589289 3.603515 -3.323164 0.881337 26.387266 1.458851 1.0
34 -1 Car 1 0 2.395589 1209.563712 158.325795 1223.000000 223.598596 1.882812 1.815625 4.570312 20.065037 1.218889 19.859692 -3.103514 1.0
34 -1 FilteredCar 0 2 1.616611 515.639384 166.240712 551.776818 195.815657 1.355712 1.569157 4.063350 -3.475341 0.693666 34.928112 1.520248 1.0
34 -1 Car 0 0 -1.993533 543.420758 167.974123 578.035873 183.864499 1.500000 1.697545 4.453753 -4.352268 0.311896 69.524365 -2.053974 1.0
35 -1 Car 0 0 1.586270 479.274027 163.009922 527.416706 208.106161 1.500000 1.589289 3.603515 -3.672206 0.912625 25.657592 1.447792 1.0
35 -1 Car 1 0 2.385480 1207.251611 157.812130 1223.000000 223.791334 1.882812 1.815625 4.570312 19.881832 1.210479 19.737793 -3.115178 1.0
35 -1 FilteredCar 0 2 1.624332 502.650293 168.681980 540.179362 198.845743 1.355712 1.569157 4.063350 -4.006387 0.818127 34.294678 1.510981 1.0
35 -1 Car 0 1 -2.071638 529.266622 168.712710 566.607108 184.624051 1.500000 1.697545 4.453753 -5.591805 0.386152 69.315605 -2.149984 1.0
36 -1 Car 0 0 1.592725 465.213434 163.411752 515.002176 209.940466 1.500000 1.589289 3.603515 -4.021248 0.943913 24.927919 1.436732 1.0
36 -1 Car 1 0 2.380056 1193.613598 156.954321 1223.000000 224.480395 1.882812 1.815625 4.570312 19.488092 1.198698 19.762565 -3.131213 1.0
36 -1 FilteredCar 0 2 1.620258 491.948528 168.965888 529.992625 199.795390 1.355712 1.569157 4.063350 -4.420904 0.842661 33.603537 1.492548 1.0
36 -1 Car 0 1 -2.149686 515.119096 169.455714 554.992272 185.385351 1.500000 1.697545 4.453753 -6.831342 0.460409 69.106844 -2.245994 1.0
37 -1 Car 0 0 1.600116 450.228529 163.839377 501.793178 211.895404 1.500000 1.589289 3.603515 -4.370290 0.975200 24.198246 1.425673 1.0
37 -1 Car 1 0 2.374829 1179.986924 156.066602 1223.000000 225.152719 1.882812 1.815625 4.570312 19.094353 1.186918 19.787337 3.135937 1.0
37 -1 FilteredCar 0 2 1.622081 476.561425 167.876186 515.721301 199.409966 1.355712 1.569157 4.063350 -5.016000 0.806748 32.897690 1.474116 1.0
37 -1 FilteredCar 0 2 -2.145460 499.117076 168.763403 539.119273 184.738266 1.500000 1.697545 4.453753 -8.355567 0.398283 68.835644 -2.263910 1.0
38 -1 Car 0 0 1.591369 433.130511 162.388743 486.917934 212.306240 1.500000 1.589289 3.603515 -4.761723 0.950442 23.359816 1.394912 1.0
38 -1 Car 1 0 2.369800 1166.371009 155.168131 1223.000000 225.784311 1.882812 1.815625 4.570312 18.700614 1.175137 19.812110 3.119902 1.0
38 -1 FilteredCar 0 2 1.624652 460.448897 166.737248 500.865721 199.005587 1.355712 1.569157 4.063350 -5.611096 0.770835 32.191843 1.455683 1.0
38 -1 FilteredCar 0 2 -2.141179 482.979623 168.066421 523.129502 184.111451 1.500000 1.697545 4.453753 -9.879791 0.336157 68.564444 -2.281826 1.0
39 -1 Car 0 0 1.584023 414.646512 160.828038 470.872379 212.747771 1.500000 1.589289 3.603515 -5.153155 0.925684 22.521386 1.364152 1.0
39 -1 Car 1 0 2.364973 1152.765291 154.544422 1223.000000 225.369315 1.882812 1.815625 4.570312 18.306875 1.163356 19.836882 3.103867 1.0
39 -1 FilteredCar 0 2 1.630055 441.911329 165.548440 483.962075 198.594871 1.355712 1.569157 4.063350 -6.272322 0.735247 31.476014 1.437250 1.0
39 -1 FilteredCar 0 2 -2.138253 465.486435 166.552736 505.953790 182.754401 1.500000 1.697545 4.453753 -11.486481 0.200320 68.126596 -2.302682 1.0
40 -1 Car 0 0 1.578187 394.600346 159.144419 453.518084 213.223850 1.500000 1.589289 3.603515 -5.544588 0.900925 21.682956 1.333391 1.0
40 -1 Car 1 0 2.360350 1139.169224 153.931338 1223.000000 224.952882 1.882812 1.815625 4.570312 17.913135 1.151576 19.861654 3.087831 1.0
40 -1 FilteredCar 0 2 1.636318 422.443067 164.302640 466.325938 198.162753 1.355712 1.569157 4.063350 -6.933548 0.699660 30.760185 1.418817 1.0
40 -1 Car 0 1 -2.135214 447.756376 164.989185 488.566125 181.378234 1.500000 1.697545 4.453753 -13.093170 0.064483 67.688748 -2.323538 1.0
41 -1 Car 0 0 1.561616 371.297861 160.332350 433.558519 217.122507 1.500000 1.589289 3.603515 -5.969055 0.961265 20.738379 1.287455 1.0
41 -1 Car 1 0 2.348491 1118.524132 155.228888 1223.000000 226.356328 1.882812 1.815625 4.570312 17.350997 1.190880 19.956789 3.057847 1.0
41 -1 FilteredCar 0 2 1.634763 401.031789 165.527994 446.323356 200.404536 1.355712 1.569157 4.063350 -7.620081 0.767465 29.929933 1.389970 1.0
41 -1 FilteredCar 0 2 -2.214628 424.149395 166.569270 467.851808 183.061796 1.500000 1.697545 4.453753 -15.089649 0.222783 67.152959 -2.432802 1.0
42 -1 Car 0 0 1.547251 345.570662 161.639239 411.597532 221.429635 1.500000 1.589289 3.603515 -6.393523 1.021604 19.793802 1.241519 1.0
42 -1 Car 0 0 2.337034 1098.016263 156.539679 1223.000000 227.751893 1.882812 1.815625 4.570312 16.788858 1.230184 20.051923 3.027863 1.0
42 -1 FilteredCar 0 2 1.634346 378.304840 166.825945 425.256414 202.784685 1.355712 1.569157 4.063350 -8.306613 0.835270 29.099681 1.361123 1.0
42 -1 FilteredCar 0 2 -2.293966 400.249894 168.175305 446.688270 184.781761 1.500000 1.697545 4.453753 -17.086128 0.381082 66.617171 -2.542066 1.0
43 -1 Car 0 0 1.535282 317.018722 163.082427 387.335702 226.211376 1.500000 1.589289 3.603515 -6.817990 1.081943 18.849225 1.195583 1.0
43 -1 Car 0 0 2.325981 1077.642405 157.857102 1223.000000 229.139247 1.882812 1.815625 4.570312 16.226719 1.269488 20.147058 2.997879 1.0
43 -1 FilteredCar 0 2 1.641017 349.031519 168.386869 398.743086 205.578865 1.355712 1.569157 4.063350 -9.162427 0.910885 28.215960 1.332276 1.0
43 -1 FilteredCar 0 2 -2.287858 370.916765 169.465212 418.358875 186.275062 1.500000 1.697545 4.453753 -19.521623 0.514076 65.675614 -2.573658 1.0
44 -1 Car 0 0 1.510971 282.173245 164.623740 360.033026 231.896652 1.500000 1.589289 3.603515 -7.246616 1.143074 17.801172 1.132561 1.0
44 -1 Car 0 0 2.330372 1051.471850 159.907824 1223.000000 231.039372 1.882812 1.815625 4.570312 15.544624 1.329142 20.311730 2.977606 1.0
44 -1 Car 0 1 1.649089 317.708057 170.052117 370.637884 208.568897 1.355712 1.569157 4.063350 -10.018241 0.986500 27.332238 1.303429 1.0
44 -1 FilteredCar 0 2 -2.281516 340.692762 170.792339 389.240975 187.814656 1.500000 1.697545 4.453753 -21.957118 0.647070 64.734058 -2.605251 1.0
45 -1 Car 0 0 1.490027 241.672361 166.361662 329.193684 238.355991 1.500000 1.589289 3.603515 -7.675242 1.204205 16.753119 1.069539 1.0
45 -1 Car 0 0 2.335302 1025.629005 161.979660 1216.617358 232.913416 1.882812 1.815625 4.570312 14.862528 1.388796 20.476402 2.957333 1.0
45 -1 FilteredCar 0 2 1.664490 278.411023 170.216052 336.334039 210.440323 1.355712 1.569157 4.063350 -10.983422 1.008312 26.260868 1.274582 1.0
45 -1 FilteredCar 0 2 -2.336170 303.902343 172.541330 355.514772 189.870911 1.500000 1.697545 4.453753 -24.735756 0.816764 63.595377 -2.703674 1.0
46 -1 Car 0 0 1.472739 195.801243 168.332769 294.135975 245.754512 1.500000 1.589289 3.603515 -8.103869 1.265336 15.705067 1.006517 1.0
46 -1 Car 0 0 2.344372 991.077967 164.170625 1176.296250 234.528235 1.882812 1.815625 4.570312 13.932587 1.444897 20.688881 2.931472 1.0
46 -1 FilteredCar 0 2 1.669625 232.968293 171.622201 295.222913 213.550061 1.355712 1.569157 4.063350 -12.116592 1.069861 25.288817 1.229612 1.0
46 -1 FilteredCar 0 2 -2.390748 265.746272 174.330513 320.558576 192.014608 1.500000 1.697545 4.453753 -27.514394 0.986457 62.456696 -2.802097 1.0
47 -1 Car 0 0 1.441872 140.795442 168.618840 255.063884 252.362738 1.500000 1.589289 3.603515 -8.526868 1.288985 14.620228 0.925237 1.0
47 -1 Car 0 0 2.354388 957.073130 166.303800 1136.991049 236.113248 1.882812 1.815625 4.570312 13.002646 1.500998 20.901360 2.905611 1.0
47 -1 FilteredCar 0 2 1.676173 183.601782 173.142612 251.049198 216.926162 1.355712 1.569157 4.063350 -13.249761 1.131411 24.316766 1.184641 1.0
47 -1 FilteredCar 0 2 -2.384709 220.571273 175.813951 278.101896 194.014731 1.500000 1.697545 4.453753 -30.541421 1.128511 60.784371 -2.846513 1.0
48 -1 Car 0 0 1.415483 76.756301 168.959599 209.729852 260.078624 1.500000 1.589289 3.603515 -8.949867 1.312634 13.535390 0.843956 1.0
48 -1 Car 0 0 2.344229 920.465874 164.684555 1094.414480 234.216327 1.882812 1.815625 4.570312 11.909386 1.449632 21.007417 2.855034 1.0
48 -1 FilteredCar 0 2 1.683910 129.794993 174.790872 203.445718 220.603296 1.355712 1.569157 4.063350 -14.382930 1.192960 23.344716 1.139671 1.0
48 -1 Car 0 1 -2.378459 172.724612 177.376380 233.347489 196.134896 1.500000 1.697545 4.453753 -33.568448 1.270565 59.112046 -2.890929 1.0
49 -1 Car 0 0 1.368444 2.922430 169.355614 164.385689 269.460298 1.500000 1.589289 3.603515 -9.251218 1.336623 12.401710 0.741702 1.0
49 -1 Car 0 0 2.335548 884.014594 163.103769 1052.545193 232.307278 1.882812 1.815625 4.570312 10.816125 1.398265 21.113474 2.804458 1.0
49 -1 FilteredCar 0 2 1.696407 66.317552 174.757278 148.330403 222.839651 1.355712 1.569157 4.063350 -15.613829 1.200844 22.327561 1.094701 1.0
49 -1 FilteredCar 0 2 -2.367999 115.565758 177.772240 180.156330 197.212598 1.500000 1.697545 4.453753 -36.919633 1.311300 57.165549 -2.937221 1.0
50 -1 Car 0 0 1.381533 0.000000 169.847227 110.485367 278.797076 1.500000 1.589289 3.603515 -9.442102 1.361330 11.275874 0.700170 1.0
50 -1 Car 0 0 2.328276 847.713805 161.560101 1011.368953 230.386681 1.882812 1.815625 4.570312 9.722865 1.346899 21.219530 2.753882 1.0
50 -1 FilteredCar 0 3 1.709488 0.000000 174.722298 88.316711 225.200537 1.355712 1.569157 4.063350 -16.844727 1.208728 21.310406 1.049731 1.0
50 -1 FilteredCar 0 2 -2.414369 46.365069 176.265231 117.925059 196.561919 1.500000 1.697545 4.453753 -40.549054 1.201320 54.904407 -3.046011 1.0
51 -1 Car 1 0 1.400399 0.000000 170.449007 44.736161 284.431925 1.500000 1.589289 3.603515 -9.632987 1.386038 10.150038 0.658638 1.0
51 -1 Car 0 0 2.322314 811.559653 160.052164 970.870169 228.455261 1.882812 1.815625 4.570312 8.629605 1.295532 21.325587 2.703306 1.0
51 -1 FilteredCar 0 3 -2.408386 0.000000 176.726275 54.838170 197.793099 1.500000 1.697545 4.453753 -43.578826 1.250707 52.352874 -3.097878 1.0
52 -1 Car 0 0 2.307635 776.253918 159.415204 932.674823 228.302919 1.882812 1.815625 4.570312 7.496353 1.277999 21.211336 2.644320 1.0
53 -1 Car 0 1 2.294860 740.347640 158.505090 894.321659 228.126962 1.882812 1.815625 4.570312 6.363101 1.260466 21.097085 2.585334 1.0
54 -1 Car 0 1 2.283905 703.818444 157.579923 855.814119 227.926161 1.882812 1.815625 4.570312 5.229849 1.242933 20.982834 2.526348 1.0
55 -1 Car 0 1 2.274645 666.645673 156.640759 817.152920 227.699375 1.882812 1.815625 4.570312 4.096597 1.225400 20.868583 2.467363 1.0
55 -1 Car 0 0 1.892198 1165.451304 167.881280 1221.093352 196.562371 1.851562 1.682812 4.109375 39.857675 1.021821 47.870851 2.584791 1.0
56 -1 Car 0 1 2.272839 629.006796 158.248549 780.764636 230.896041 1.882812 1.815625 4.570312 2.967660 1.282002 20.518122 2.416028 1.0
56 -1 Car 0 0 1.891431 1107.805394 170.752529 1160.436526 199.128955 1.851562 1.682812 4.109375 36.383560 1.206765 48.574284 2.532706 1.0
57 -1 Car 0 1 2.273472 589.750674 159.933934 743.392513 234.218978 1.882812 1.815625 4.570312 1.838722 1.338605 20.167661 2.364694 1.0
57 -1 Car 0 0 1.893270 1051.630247 173.530710 1101.696161 201.623052 1.851562 1.682812 4.109375 32.909444 1.391708 49.277716 2.480620 1.0
58 -1 Car 0 1 2.276426 548.766398 161.700892 704.997368 237.673293 1.882812 1.815625 4.570312 0.709785 1.395208 19.817199 2.313359 1.0
58 -1 Car 0 0 1.895875 998.490967 176.100483 1046.430009 203.968951 1.851562 1.682812 4.109375 29.500971 1.568572 49.896839 2.428535 1.0
59 -1 Car 0 1 2.281521 505.935241 163.553541 665.535735 241.264252 1.882812 1.815625 4.570312 -0.419153 1.451810 19.466738 2.262024 1.0
59 -1 Car 1 1 -1.666664 1211.094482 193.435946 1223.000000 279.063440 1.398438 1.495312 3.718750 11.460782 1.673389 12.085548 -0.919437 1.0
59 -1 Car 0 0 1.900766 946.507497 178.598285 992.670597 206.256461 1.851562 1.682812 4.109375 26.092498 1.745436 50.515961 2.376450 1.0
60 -1 Car 0 1 2.291563 460.241456 162.919924 626.964187 243.871084 1.882812 1.815625 4.570312 -1.505495 1.454779 18.814063 2.214747 1.0
60 -1 Car 1 1 -1.681946 1163.857747 192.670934 1223.000000 290.047156 1.398438 1.495312 3.718750 10.746310 1.659662 12.212304 -0.971720 1.0
60 -1 Car 0 0 1.906350 896.762954 178.479227 941.475768 205.814348 1.851562 1.682812 4.109375 22.740164 1.734851 51.079335 2.324364 1.0
61 -1 Car 0 1 2.305076 410.673972 162.235203 586.042027 246.680395 1.882812 1.815625 4.570312 -2.591837 1.457747 18.161389 2.167470 1.0
61 -1 Car 0 1 -1.695540 1117.756715 191.928549 1223.000000 291.016055 1.398438 1.495312 3.718750 10.031837 1.645935 12.339061 -1.024003 1.0
61 -1 Car 0 0 1.907361 850.859231 174.879847 895.035943 202.239844 1.851562 1.682812 4.109375 19.231162 1.472851 50.615325 2.269906 1.0
62 -1 Car 0 0 2.321897 356.712520 161.493400 542.549125 249.716463 1.882812 1.815625 4.570312 -3.678179 1.460716 17.508714 2.120193 1.0
62 -1 Car 0 1 -1.707451 1072.721175 191.080584 1221.906573 291.420260 1.398438 1.495312 3.718750 9.317364 1.632208 12.465817 -1.076287 1.0
62 -1 FilteredCar 2 2 -1.715561 1070.477151 183.250647 1189.361519 257.920532 1.523438 1.635937 4.406250 12.648187 1.629148 17.337380 -1.092524 1.0
62 -1 Car 0 0 1.911473 804.413537 175.298842 848.143118 202.810006 1.851562 1.682812 4.109375 15.814505 1.504321 50.364945 2.215448 1.0
63 -1 Car 0 0 2.341736 297.742560 160.687536 496.234602 253.007638 1.882812 1.815625 4.570312 -4.764521 1.463684 16.856039 2.072915 1.0
63 -1 Car 0 1 -1.725390 1033.647582 191.580958 1183.928856 292.520639 1.398438 1.495312 3.718750 8.607042 1.642090 12.425868 -1.130031 1.0
63 -1 FilteredCar 2 2 -1.719257 1027.662990 184.431644 1143.759621 259.297671 1.523438 1.635937 4.406250 11.581465 1.660749 17.357376 -1.137825 1.0
63 -1 Car 0 0 1.918417 757.362636 175.721133 800.920778 203.383072 1.851562 1.682812 4.109375 12.397848 1.535790 50.114565 2.160990 1.0
63 -1 Car 0 1 -1.574330 998.746333 181.333996 1047.092685 223.414908 1.539062 1.573243 3.523438 16.786841 1.601377 28.482340 -1.045146 1.0
64 -1 Car 0 0 2.342409 235.666096 158.799800 450.576882 257.381741 1.882812 1.815625 4.570312 -5.679660 1.455277 15.954526 2.008436 1.0
64 -1 Car 0 1 -1.741269 994.546614 192.085524 1145.314055 293.566103 1.398438 1.495312 3.718750 7.896720 1.651972 12.385918 -1.183776 1.0
64 -1 FilteredCar 2 2 -1.720657 985.060856 185.603839 1098.074634 260.646008 1.523438 1.635937 4.406250 10.514743 1.692349 17.377372 -1.183127 1.0
64 -1 Car 0 0 1.920950 714.623574 175.121035 758.665900 203.297339 1.851562 1.682812 4.109375 9.202661 1.498654 49.119559 2.106532 1.0
64 -1 Car 0 1 -1.565557 956.208396 180.827141 1002.915122 222.404617 1.539062 1.573243 3.523438 15.205561 1.580050 28.754308 -1.082192 1.0
65 -1 Car 0 0 2.347362 164.653430 156.653083 400.284325 262.322475 1.882812 1.815625 4.570312 -6.594798 1.446869 15.053013 1.943958 1.0
65 -1 Car 0 1 -1.755022 955.386367 192.594790 1106.097183 294.554379 1.398438 1.495312 3.718750 7.186399 1.661854 12.345969 -1.237520 1.0
65 -1 FilteredCar 0 2 -1.727711 947.153059 183.616994 1058.370339 257.685573 1.523438 1.635937 4.406250 9.604423 1.638604 17.449306 -1.230730 1.0
65 -1 Car 0 0 1.927130 669.956365 174.500001 714.816294 203.203872 1.851562 1.682812 4.109375 6.007475 1.461517 48.124554 2.052074 1.0
65 -1 Car 0 1 -1.556706 915.542994 180.340714 960.816559 221.449506 1.539062 1.573243 3.523438 13.661862 1.559095 29.006379 -1.119238 1.0
66 -1 Car 0 0 2.369574 89.339820 154.265790 352.057772 268.295017 1.882812 1.815625 4.570312 -7.359648 1.440031 14.126489 1.900271 1.0
66 -1 Car 0 1 -1.774150 930.628926 191.036476 1087.375629 295.188163 1.398438 1.495312 3.718750 6.636752 1.627354 12.062792 -1.280708 1.0
66 -1 FilteredCar 0 2 -1.733258 909.607757 181.662584 1018.888709 254.725611 1.523438 1.635937 4.406250 8.694102 1.584860 17.521240 -1.278333 1.0
66 -1 Car 0 0 1.938530 628.082068 173.585586 674.270297 202.844579 1.851562 1.682812 4.109375 3.137154 1.406394 47.085142 2.006203 1.0
66 -1 Car 0 1 -1.548301 876.922433 179.880588 920.962521 220.558444 1.539062 1.573243 3.523438 12.166387 1.538839 29.236042 -1.156284 1.0
67 -1 Car 0 0 2.395783 1.049747 151.479272 298.172295 275.250764 1.882812 1.815625 4.570312 -8.124499 1.433192 13.199966 1.856585 1.0
67 -1 Car 0 1 -1.791471 904.929798 189.429499 1067.394233 295.812887 1.398438 1.495312 3.718750 6.087105 1.592854 11.779615 -1.323896 1.0
67 -1 FilteredCar 0 2 -1.741178 880.179841 179.845347 989.690628 252.694991 1.523438 1.635937 4.406250 7.926392 1.534332 17.432485 -1.319726 1.0
67 -1 Car 0 0 1.945647 589.446420 171.615127 637.146861 201.604996 1.851562 1.682812 4.109375 0.602811 1.292601 45.866915 1.960332 1.0
67 -1 Car 0 1 -1.542374 842.809151 177.719292 886.262962 218.185961 1.539062 1.573243 3.523438 10.735930 1.445198 29.180189 -1.191791 1.0
68 -1 Car 0 0 2.423369 0.000000 148.040898 251.728352 283.987274 1.882812 1.815625 4.570312 -8.595959 1.426199 12.228269 1.824694 1.0
68 -1 Car 0 1 -1.806812 878.214217 187.770220 1046.057011 296.427426 1.398438 1.495312 3.718750 5.537458 1.558354 11.496438 -1.367085 1.0
68 -1 FilteredCar 0 2 -1.747718 850.527035 178.023425 960.064745 250.623185 1.523438 1.635937 4.406250 7.158683 1.483805 17.343729 -1.361120 1.0
68 -1 Car 0 0 1.947166 554.793644 169.566744 604.087339 200.543286 1.851562 1.682812 4.109375 -1.541825 1.188506 44.506027 1.914460 1.0
68 -1 Car 0 1 -1.542091 814.284537 175.570983 857.461057 215.939547 1.539062 1.573243 3.523438 9.508736 1.352717 29.040799 -1.227298 1.0
69 -1 Car 1 0 2.455284 0.000000 147.077397 198.685427 282.452460 1.882812 1.815625 4.570312 -9.067419 1.419205 11.256573 1.792803 1.0
69 -1 Car 0 1 -1.819986 850.398971 186.054608 1023.260200 297.030639 1.398438 1.495312 3.718750 4.987811 1.523854 11.213260 -1.410273 1.0
69 -1 FilteredCar 0 2 -1.758244 827.347038 177.111105 939.522431 250.724150 1.523438 1.635937 4.406250 6.502911 1.459340 17.049334 -1.398434 1.0
69 -1 Car 0 0 1.958087 521.709262 167.780441 573.332486 199.853539 1.851562 1.682812 4.109375 -3.434991 1.107673 43.111682 1.880876 1.0
69 -1 Car 0 0 -1.545729 789.537397 173.338709 832.635837 213.734389 1.539062 1.573243 3.523438 8.428425 1.260338 28.849140 -1.262805 1.0
70 -1 Car 1 0 2.491443 0.000000 146.674594 137.536096 278.897218 1.882812 1.815625 4.570312 -9.538879 1.412212 10.284876 1.760911 1.0
70 -1 Car 0 1 -1.838717 841.212306 186.411080 1026.705532 303.605130 1.398438 1.495312 3.718750 4.694079 1.526006 10.715368 -1.435004 1.0
70 -1 FilteredCar 0 2 -1.764820 812.796699 176.229633 928.580138 251.734805 1.523438 1.635937 4.406250 6.023598 1.437611 16.606671 -1.421337 1.0
70 -1 Car 0 0 1.964034 491.911062 165.417579 545.965111 198.755890 1.851562 1.682812 4.109375 -4.992218 1.003900 41.609796 1.847292 1.0
70 -1 Car 0 0 -1.543476 771.349640 172.976946 814.792985 213.941500 1.539062 1.573243 3.523438 7.596927 1.251087 28.470117 -1.283836 1.0
70 -1 FilteredCar 2 2 -1.641540 768.507242 173.009203 810.329716 206.826394 1.500000 1.629932 3.570312 8.655841 1.163466 33.428592 -1.388814 1.0
70 -1 FilteredCar 2 2 -1.589947 762.969116 175.101286 794.224451 203.137637 1.473047 1.586718 3.640625 9.609666 1.185381 39.313324 -1.350440 1.0
71 -1 Car 1 0 2.530434 0.000000 151.942316 86.782250 283.130717 1.882812 1.815625 4.570312 -9.773665 1.491238 9.417115 1.745107 1.0
71 -1 Car 0 1 -1.856847 831.294728 186.797038 1030.468261 310.931964 1.398438 1.495312 3.718750 4.400347 1.528158 10.217476 -1.459735 1.0
71 -1 Car 0 1 -1.770311 797.554005 175.208323 916.916299 252.801955 1.523438 1.635937 4.406250 5.544284 1.415883 16.164008 -1.444241 1.0
71 -1 Car 0 0 1.977307 464.625309 165.158671 521.756556 199.827140 1.851562 1.682812 4.109375 -6.266252 1.022683 40.103944 1.825288 1.0
71 -1 Car 0 0 -1.544662 756.077761 172.603182 800.004353 214.208558 1.539062 1.573243 3.523438 6.887833 1.242168 28.055189 -1.304868 1.0
71 -1 FilteredCar 2 2 -1.641852 754.506993 174.146532 796.760068 208.484585 1.500000 1.629932 3.570312 7.889021 1.218847 32.955605 -1.407422 1.0
71 -1 FilteredCar 2 2 -1.588264 747.716686 175.600690 779.064924 204.015750 1.473047 1.586718 3.640625 8.663737 1.216952 38.867466 -1.369048 1.0
72 -1 Car 0 0 -1.874279 820.548581 187.216225 1034.603605 319.148196 1.398438 1.495312 3.718750 4.106615 1.530309 9.719584 -1.484466 1.0
72 -1 Car 0 1 -1.792690 787.556726 176.088073 915.064015 256.887719 1.523438 1.635937 4.406250 5.212591 1.438439 15.635822 -1.475325 1.0
72 -1 Car 0 0 1.986715 439.861450 169.365432 500.220185 205.491191 1.851562 1.682812 4.109375 -7.275879 1.273502 38.531216 1.803283 1.0
72 -1 Car 0 0 -1.571846 742.405310 172.198866 786.911944 214.507070 1.539062 1.573243 3.523438 6.209412 1.233232 27.631293 -1.351575 1.0
72 -1 FilteredCar 2 2 -1.641470 740.120049 175.318420 782.771250 210.195136 1.500000 1.629932 3.570312 7.122200 1.274228 32.482618 -1.426031 1.0
72 -1 FilteredCar 2 2 -1.585923 731.957118 176.110753 763.535379 204.915651 1.473047 1.586718 3.640625 7.717809 1.248523 38.421607 -1.387657 1.0
73 -1 Car 0 0 -1.893964 818.177411 187.766383 1051.578321 329.359994 1.398438 1.495312 3.718750 3.933840 1.533663 9.188306 -1.500149 1.0
73 -1 Car 0 1 -1.814417 776.976271 176.913312 912.979740 261.372809 1.523438 1.635937 4.406250 4.880898 1.460995 15.107637 -1.506409 1.0
73 -1 Car 0 0 1.996642 414.172996 172.295098 478.172887 210.048066 1.851562 1.682812 4.109375 -8.215968 1.443061 36.943098 1.781279 1.0
73 -1 Car 0 0 -1.573121 732.543815 174.171303 777.904735 217.393469 1.539062 1.573243 3.523438 5.720600 1.310298 27.079490 -1.365648 1.0
73 -1 FilteredCar 2 2 -1.645876 729.187347 177.006263 772.721021 212.630400 1.500000 1.629932 3.570312 6.535342 1.357100 31.981928 -1.444639 1.0
73 -1 FilteredCar 2 2 -1.590642 721.596834 177.408775 753.655948 206.727408 1.473047 1.586718 3.640625 7.068748 1.323877 37.924776 -1.406265 1.0
73 -1 FilteredCar 0 2 -1.593237 708.984587 177.968226 731.025721 197.664623 1.443888 1.577430 3.280850 8.849748 1.265533 54.452404 -1.431449 1.0
74 -1 Car 0 0 -1.914107 815.582793 188.371579 1071.123573 341.198705 1.398438 1.495312 3.718750 3.761065 1.537016 8.657028 -1.515831 1.0
74 -1 Car 0 1 -1.830312 772.018158 177.683167 916.857122 266.440790 1.523438 1.635937 4.406250 4.659010 1.481618 14.526330 -1.524641 1.0
74 -1 Car 0 0 2.003959 392.445591 171.914405 460.131423 211.421792 1.851562 1.682812 4.109375 -8.863036 1.443476 35.408113 1.762457 1.0
74 -1 Car 0 0 -1.573797 722.238179 176.082605 768.493609 220.410618 1.539062 1.573243 3.523438 5.231787 1.387364 26.527688 -1.379721 1.0
74 -1 FilteredCar 2 2 -1.649749 717.925855 178.728490 762.329940 215.149833 1.500000 1.629932 3.570312 5.948485 1.439972 31.481237 -1.463248 1.0
74 -1 FilteredCar 2 2 -1.594920 710.801611 178.738537 743.499001 208.590985 1.473047 1.586718 3.640625 6.419687 1.399230 37.427946 -1.424874 1.0
74 -1 FilteredCar 0 2 -1.593239 700.045510 178.097938 722.275231 198.013264 1.443888 1.577430 3.280850 8.082815 1.277511 53.886998 -1.443620 1.0
75 -1 Car 0 0 -1.944773 818.882050 189.136498 1108.235076 358.176377 1.398438 1.495312 3.718750 3.645946 1.540537 8.028782 -1.531514 1.0
75 -1 Car 0 1 -1.846012 766.713608 178.507156 921.076023 272.018063 1.523438 1.635937 4.406250 4.437122 1.502241 13.945023 -1.542873 1.0
75 -1 Car 0 0 2.011621 369.918857 171.477877 441.743018 212.925000 1.851562 1.682812 4.109375 -9.447134 1.443178 33.861008 1.743636 1.0
75 -1 Car 0 0 -1.580995 717.037746 175.194135 764.365086 220.487641 1.539062 1.573243 3.523438 4.929500 1.356145 25.939276 -1.393794 1.0
75 -1 FilteredCar 2 2 -1.657975 709.708118 179.419814 755.425192 216.571367 1.500000 1.629932 3.570312 5.516433 1.472860 30.963751 -1.481856 1.0
75 -1 FilteredCar 2 2 -1.607991 706.128887 178.552627 740.189340 208.847675 1.473047 1.586718 3.640625 6.115799 1.390082 36.887580 -1.443482 1.0
75 -1 FilteredCar 0 2 -1.592939 690.922033 178.230298 713.333626 198.369560 1.443888 1.577430 3.280850 7.315882 1.289490 53.321593 -1.455792 1.0
76 -1 Car 0 0 -1.977633 822.659325 190.004106 1153.495602 369.000000 1.398438 1.495312 3.718750 3.530826 1.544059 7.400537 -1.547196 1.0
76 -1 Car 0 1 -1.856892 767.431647 178.685858 932.429293 277.695058 1.523438 1.635937 4.406250 4.316425 1.507828 13.302105 -1.548457 1.0
76 -1 Car 0 0 2.021356 345.081696 170.996998 421.704067 214.582406 1.851562 1.682812 4.109375 -10.031233 1.442881 32.313904 1.724815 1.0
76 -1 Car 0 0 -1.579056 711.606744 175.858751 760.156876 222.460011 1.539062 1.573243 3.523438 4.637774 1.386106 25.303371 -1.398368 1.0
76 -1 FilteredCar 2 2 -1.660688 704.151900 179.466241 751.023957 217.474112 1.500000 1.629932 3.570312 5.183133 1.475789 30.311325 -1.491487 1.0
76 -1 FilteredCar 0 2 -1.603821 696.005458 180.225015 730.279083 211.229959 1.473047 1.586718 3.640625 5.497443 1.481445 36.267824 -1.453113 1.0
76 -1 FilteredCar 0 2 -1.592929 682.034053 178.932969 704.651429 199.337841 1.443888 1.577430 3.280850 6.581149 1.345074 52.750753 -1.467963 1.0
77 -1 Car 0 0 -2.012727 832.497451 191.011537 1218.939117 369.000000 1.398438 1.495312 3.718750 3.460790 1.547371 6.741791 -1.555567 1.0
77 -1 Car 0 1 -1.868275 768.214092 178.879947 945.166520 284.073548 1.523438 1.635937 4.406250 4.195727 1.513415 12.659188 -1.554042 1.0
77 -1 Car 0 0 2.033363 317.558491 170.464658 399.782582 216.419049 1.851562 1.682812 4.109375 -10.615331 1.442583 30.766800 1.705994 1.0
77 -1 Car 0 0 1.846166 527.139206 178.428606 556.521942 196.240743 1.492914 1.580329 3.843750 -5.515104 1.329599 62.473739 1.760175 1.0
77 -1 Car 0 0 -1.576768 705.874390 176.555300 755.714203 224.541902 1.539062 1.573243 3.523438 4.346049 1.416067 24.667467 -1.402942 1.0
77 -1 FilteredCar 2 2 -1.663677 698.778850 179.916885 746.887447 218.873881 1.500000 1.629932 3.570312 4.868003 1.496573 29.656978 -1.501117 1.0
77 -1 FilteredCar 0 2 -1.605905 690.203907 180.305810 725.217542 211.915650 1.473047 1.586718 3.640625 5.122650 1.485805 35.617445 -1.462743 1.0
77 -1 FilteredCar 0 2 -1.596790 675.863055 179.512354 698.886213 200.191269 1.443888 1.577430 3.280850 6.065542 1.390206 52.156801 -1.480134 1.0
78 -1 Car 0 0 -2.052408 843.990456 192.184869 1223.000000 369.000000 1.398438 1.495312 3.718750 3.390754 1.550683 6.083046 -1.563937 1.0
78 -1 Car 0 1 -1.880237 769.069764 179.091498 959.557662 291.292122 1.523438 1.635937 4.406250 4.075029 1.519002 12.016271 -1.559627 1.0
78 -1 Car 0 0 2.054169 292.397136 170.212938 381.488855 218.814785 1.851562 1.682812 4.109375 -10.959731 1.455306 29.201760 1.700393 1.0
78 -1 Car 0 0 1.853056 516.581964 178.021211 547.038308 196.286325 1.492914 1.580329 3.843750 -6.236802 1.298036 60.886790 1.753134 1.0
78 -1 Car 0 0 -1.574104 699.814862 177.286140 751.016981 226.742693 1.539062 1.573243 3.523438 4.054324 1.446028 24.031562 -1.407516 1.0
78 -1 FilteredCar 2 2 -1.666354 693.177390 180.386497 742.551215 220.341465 1.500000 1.629932 3.570312 4.552873 1.517358 29.002631 -1.510748 1.0
78 -1 FilteredCar 0 2 -1.607693 684.197249 180.389464 719.956925 212.628373 1.473047 1.586718 3.640625 4.747857 1.490164 34.967065 -1.472374 1.0
78 -1 FilteredCar 0 2 -1.600443 669.554204 180.104480 692.983650 201.065229 1.443888 1.577430 3.280850 5.549935 1.435338 51.562849 -1.492305 1.0
79 -1 Car 1 0 -2.097888 857.592517 193.568739 1223.000000 369.000000 1.398438 1.495312 3.718750 3.320717 1.553996 5.424301 -1.572308 1.0
79 -1 Car 0 1 -1.892870 770.009168 179.322978 975.947778 299.528441 1.523438 1.635937 4.406250 3.954332 1.524589 11.373353 -1.565212 1.0
79 -1 Car 0 0 2.077336 264.160407 169.930394 361.265536 221.503280 1.851562 1.682812 4.109375 -11.304130 1.468029 27.636721 1.694792 1.0
79 -1 Car 0 0 1.860646 505.440308 177.592753 537.063454 196.334395 1.492914 1.580329 3.843750 -6.958501 1.266473 59.299841 1.746093 1.0
79 -1 Car 0 0 -1.579673 698.761593 176.215339 751.591163 227.084891 1.539062 1.573243 3.523438 3.917487 1.411230 23.343930 -1.413985 1.0
79 -1 FilteredCar 2 2 -1.672138 689.671345 179.142165 740.670944 219.929594 1.500000 1.629932 3.570312 4.336867 1.464357 28.342733 -1.520379 1.0
79 -1 FilteredCar 0 2 -1.613988 681.273838 179.802426 718.185871 212.640660 1.473047 1.586718 3.640625 4.540183 1.460183 34.300230 -1.482004 1.0
79 -1 FilteredCar 0 2 -1.602506 666.529372 179.442325 690.370244 200.662888 1.443888 1.577430 3.280850 5.269089 1.386547 50.851434 -1.498312 1.0
80 -1 Car 1 0 -2.160152 877.578171 195.286639 1223.000000 369.000000 1.398438 1.495312 3.718750 3.274092 1.557072 4.727450 -1.583338 1.0
80 -1 Car 0 1 -1.906282 771.044919 179.577340 994.785102 309.014070 1.523438 1.635937 4.406250 3.833634 1.530177 10.730436 -1.570796 1.0
80 -1 Car 0 0 2.097302 237.856520 169.548143 343.266248 224.266403 1.851562 1.682812 4.109375 -11.505810 1.477169 26.165615 1.689191 1.0
80 -1 Car 0 0 1.863794 497.514852 176.986226 530.210233 196.239077 1.492914 1.580329 3.843750 -7.367194 1.222119 57.657647 1.739053 1.0
80 -1 Car 0 0 -1.585189 697.639929 175.030806 752.201853 227.449500 1.539062 1.573243 3.523438 3.780651 1.376432 22.656297 -1.420454 1.0
80 -1 FilteredCar 0 2 -1.677736 686.008863 177.842807 738.693039 219.496191 1.500000 1.629932 3.570312 4.120861 1.411356 27.682836 -1.530009 1.0
80 -1 FilteredCar 0 2 -1.620148 678.241165 179.193602 716.339199 212.653262 1.473047 1.586718 3.640625 4.332510 1.430201 33.633394 -1.491635 1.0
80 -1 FilteredCar 0 2 -1.604454 663.421429 178.762102 687.680075 200.248633 1.443888 1.577430 3.280850 4.988242 1.337755 50.140019 -1.504319 1.0
81 -1 Car 1 0 -2.233944 902.390410 197.406170 1223.000000 369.000000 1.398438 1.495312 3.718750 3.227467 1.560149 4.030598 -1.594368 1.0
81 -1 Car 0 1 -1.928676 777.853845 179.349892 1028.563842 321.234719 1.523438 1.635937 4.406250 3.781765 1.527138 9.977347 -1.575158 1.0
81 -1 Car 0 0 2.119618 208.137581 169.116169 323.286301 227.388182 1.851562 1.682812 4.109375 -11.707491 1.486309 24.694510 1.683590 1.0
81 -1 Car 0 0 1.867507 489.108117 176.345396 522.968594 196.137920 1.492914 1.580329 3.843750 -7.775888 1.177766 56.015453 1.732012 1.0
81 -1 Car 0 0 -1.590645 696.442856 173.614988 752.852754 227.838812 1.539062 1.573243 3.523438 3.643814 1.341635 21.968664 -1.426923 1.0
81 -1 FilteredCar 0 2 -1.682882 685.150765 177.701140 739.755053 220.553050 1.500000 1.629932 3.570312 4.009729 1.408268 26.946791 -1.535252 1.0
81 -1 FilteredCar 0 2 -1.623068 676.736281 178.694914 715.926612 212.901965 1.473047 1.586718 3.640625 4.188044 1.407072 32.886171 -1.496000 1.0
81 -1 FilteredCar 0 2 -1.606282 660.226877 178.063059 684.909734 199.821931 1.443888 1.577430 3.280850 4.707396 1.288964 49.428604 -1.510327 1.0
82 -1 Car 2 0 -2.322938 934.011541 200.086755 1223.000000 369.000000 1.398438 1.495312 3.718750 3.180841 1.563226 3.333747 -1.605399 1.0
82 -1 Car 0 0 -1.953620 785.567069 179.092641 1069.535983 336.089509 1.523438 1.635937 4.406250 3.729895 1.524099 9.224258 -1.579520 1.0
82 -1 Car 0 0 2.144572 174.292171 168.624094 300.979860 230.943296 1.851562 1.682812 4.109375 -11.909171 1.495449 23.223404 1.677989 1.0
82 -1 Car 0 0 1.871002 480.821914 177.473278 515.914874 197.960991 1.492914 1.580329 3.843750 -8.135251 1.276865 54.366373 1.724971 1.0
82 -1 Car 0 0 -1.596966 697.042703 173.773840 755.605268 230.053801 1.539062 1.573243 3.523438 3.555290 1.353295 21.229610 -1.431786 1.0
82 -1 FilteredCar 0 2 -1.688023 684.248004 177.552073 740.879899 221.673829 1.500000 1.629932 3.570312 3.898597 1.405179 26.210746 -1.540495 1.0
82 -1 FilteredCar 0 2 -1.625920 675.165346 178.174366 715.493311 213.162922 1.473047 1.586718 3.640625 4.043578 1.383943 32.138947 -1.500365 1.0
82 -1 FilteredCar 0 2 -1.607986 656.942023 177.344402 682.055613 199.382216 1.443888 1.577430 3.280850 4.426549 1.240172 48.717189 -1.516334 1.0
83 -1 Car 1 0 -2.449705 998.463847 204.971604 1223.000000 369.000000 1.398438 1.495312 3.718750 3.199454 1.570329 2.525177 -1.604693 1.0
83 -1 Car 0 0 -1.981674 794.377292 178.799308 1120.273879 354.533014 1.523438 1.635937 4.406250 3.678026 1.521061 8.471169 -1.583881 1.0
83 -1 Car 0 0 2.170870 136.729658 168.897843 277.163957 235.950429 1.851562 1.682812 4.109375 -12.056450 1.528318 21.725977 1.672148 1.0
83 -1 Car 0 0 1.881593 470.314413 176.230271 507.051089 197.295950 1.492914 1.580329 3.843750 -8.607946 1.188105 52.712564 1.722357 1.0
83 -1 Car 0 0 -1.603390 697.690629 173.945259 758.574376 232.443491 1.539062 1.573243 3.523438 3.466767 1.364956 20.490557 -1.436649 1.0
83 -1 FilteredCar 0 2 -1.693157 683.296945 177.395009 742.073389 222.864510 1.500000 1.629932 3.570312 3.787465 1.402091 25.474702 -1.545738 1.0
83 -1 FilteredCar 0 2 -1.628701 673.523889 177.630485 715.037728 213.437065 1.473047 1.586718 3.640625 3.899111 1.360814 31.391723 -1.504730 1.0
83 -1 FilteredCar 0 2 -1.624926 663.394297 176.192858 702.127129 207.107612 1.492188 1.742578 4.085938 3.968020 1.281831 36.627241 -1.516296 1.0
83 -1 FilteredCar 0 2 -1.609560 653.562957 176.605290 679.113880 198.928885 1.443888 1.577430 3.280850 4.145702 1.191381 48.005775 -1.522341 1.0
84 -1 Car 2 0 -2.611420 1092.284833 214.035515 1223.000000 369.000000 1.398438 1.495312 3.718750 3.218066 1.577431 1.716608 -1.603988 1.0
84 -1 Car 0 0 -2.017567 807.312876 178.405912 1189.626547 369.000000 1.523438 1.635937 4.406250 3.665208 1.517237 7.718650 -1.588243 1.0
84 -1 Car 0 0 2.200510 92.983520 169.216821 250.146174 241.781583 1.851562 1.682812 4.109375 -12.203729 1.561187 20.228550 1.666307 1.0
84 -1 Car 0 0 1.888635 462.397514 176.033900 500.732917 197.807432 1.492914 1.580329 3.843750 -8.843782 1.183595 51.023302 1.719743 1.0
84 -1 Car 0 0 -1.609928 697.819606 174.130795 761.786769 235.029398 1.539062 1.573243 3.523438 3.378243 1.376616 19.751503 -1.441512 1.0
84 -1 FilteredCar 0 2 -1.696093 683.020772 176.121261 744.016000 223.044711 1.500000 1.629932 3.570312 3.691546 1.360183 24.678824 -1.547832 1.0
84 -1 FilteredCar 0 2 -1.631404 671.807027 177.061666 714.558132 213.725421 1.473047 1.586718 3.640625 3.754645 1.337684 30.644500 -1.509095 1.0
84 -1 FilteredCar 0 2 -1.626884 663.107355 175.967020 702.858445 207.604702 1.492188 1.742578 4.085938 3.890013 1.275912 35.838160 -1.518065 1.0
84 -1 FilteredCar 0 2 -1.610454 652.726505 175.960694 678.747055 198.653020 1.443888 1.577430 3.280850 4.035548 1.153022 47.217108 -1.524111 1.0
85 -1 Car 0 0 -2.058795 822.389789 177.948365 1223.000000 369.000000 1.523438 1.635937 4.406250 3.652390 1.513412 6.966130 -1.592605 1.0
85 -1 Car 0 0 2.229957 46.166613 169.529604 222.763838 248.410302 1.851562 1.682812 4.109375 -12.268848 1.591951 18.770455 1.660465 1.0
85 -1 Car 0 0 1.896299 453.917245 175.824573 493.997794 198.355308 1.492914 1.580329 3.843750 -9.079619 1.179084 49.334040 1.717129 1.0
85 -1 Car 0 0 -1.617136 700.617791 173.493331 768.403747 237.231015 1.539062 1.573243 3.523438 3.356657 1.368475 18.948340 -1.442983 1.0
85 -1 FilteredCar 0 2 -1.701270 684.228618 175.832250 747.846537 224.450701 1.500000 1.629932 3.570312 3.650024 1.356148 23.881860 -1.549925 1.0
85 -1 FilteredCar 0 2 -1.634025 670.009413 176.466149 714.052610 214.029127 1.473047 1.586718 3.640625 3.610179 1.314555 29.897276 -1.513460 1.0
85 -1 FilteredCar 0 2 -1.628851 662.808252 175.730389 703.624634 208.125569 1.492188 1.742578 4.085938 3.812007 1.269992 35.049079 -1.519835 1.0
85 -1 FilteredCar 0 2 -1.611319 651.862618 175.273966 678.367281 198.367426 1.443888 1.577430 3.280850 3.925394 1.114662 46.428441 -1.525880 1.0
86 -1 Car 1 0 -2.107964 843.673080 177.967596 1223.000000 369.000000 1.523438 1.635937 4.406250 3.644203 1.516669 6.131274 -1.592282 1.0
86 -1 Car 0 0 2.263310 0.000000 169.902322 191.257491 256.272996 1.851562 1.682812 4.109375 -12.333968 1.622715 17.312360 1.654624 1.0
86 -1 Car 0 0 1.902863 446.185373 176.493412 488.088473 199.912241 1.492914 1.580329 3.843750 -9.223434 1.237041 47.631750 1.714516 1.0
86 -1 Car 0 0 -1.624831 703.641144 172.793096 775.671882 239.647344 1.539062 1.573243 3.523438 3.335072 1.360334 18.145178 -1.444455 1.0
86 -1 FilteredCar 0 2 -1.706654 685.514122 175.521639 751.963090 225.962027 1.500000 1.629932 3.570312 3.608502 1.352113 23.084895 -1.552018 1.0
86 -1 FilteredCar 0 2 -1.638821 671.384040 176.767751 717.114519 215.492268 1.473047 1.586718 3.640625 3.597739 1.332334 29.081224 -1.515409 1.0
86 -1 FilteredCar 0 2 -1.632016 663.316189 176.525204 705.356543 209.738249 1.492188 1.742578 4.085938 3.775991 1.312656 34.258169 -1.521604 1.0
86 -1 FilteredCar 0 2 -1.612904 651.501686 175.559586 678.546674 199.067480 1.443888 1.577430 3.280850 3.850743 1.138303 45.638626 -1.527650 1.0
87 -1 Car 1 0 -2.167936 869.707438 177.991101 1223.000000 369.000000 1.523438 1.635937 4.406250 3.636016 1.519925 5.296417 -1.591959 1.0
87 -1 Car 0 0 2.299973 0.000000 170.962415 154.938188 266.339480 1.851562 1.682812 4.109375 -12.377910 1.665572 15.835456 1.647897 1.0
87 -1 Car 0 0 1.910066 437.856235 177.209894 481.758167 201.589445 1.492914 1.580329 3.843750 -9.367250 1.294998 45.929460 1.711902 1.0
87 -1 Car 0 0 -1.633075 706.917976 172.020341 783.692274 242.311405 1.539062 1.573243 3.523438 3.313486 1.352192 17.342015 -1.445927 1.0
87 -1 FilteredCar 0 2 -1.713132 687.492630 176.924260 757.112563 229.376782 1.500000 1.629932 3.570312 3.587687 1.399913 22.288029 -1.554111 1.0
87 -1 FilteredCar 0 2 -1.643778 672.833353 177.085705 720.365228 217.045726 1.473047 1.586718 3.640625 3.585299 1.350113 28.265171 -1.517359 1.0
87 -1 FilteredCar 0 2 -1.635245 663.846827 177.287906 707.175496 211.432153 1.492188 1.742578 4.085938 3.739975 1.355321 33.467259 -1.523374 1.0
87 -1 FilteredCar 0 2 -1.614484 651.128517 175.855640 678.732573 199.793151 1.443888 1.577430 3.280850 3.776093 1.161943 44.848811 -1.529419 1.0
88 -1 Car 1 0 -2.242061 902.283604 178.020484 1223.000000 369.000000 1.523438 1.635937 4.406250 3.627829 1.523182 4.461561 -1.591637 1.0
88 -1 Car 1 0 2.341804 0.000000 172.654885 112.084874 269.278416 1.851562 1.682812 4.109375 -12.421852 1.708429 14.358552 1.641170 1.0
88 -1 Car 0 0 1.919583 429.103640 178.183143 475.277761 203.619862 1.492914 1.580329 3.843750 -9.494411 1.366250 44.231769 1.711269 1.0
88 -1 Car 0 0 -1.642574 711.409268 172.295271 793.725392 246.460787 1.539062 1.573243 3.523438 3.312227 1.367755 16.522038 -1.446695 1.0
88 -1 FilteredCar 0 2 -1.718950 689.867436 176.531661 762.925607 231.126276 1.500000 1.629932 3.570312 3.569934 1.391691 21.464408 -1.554868 1.0
88 -1 FilteredCar 0 2 -1.648909 674.363600 177.421380 723.822760 218.698128 1.473047 1.586718 3.640625 3.572860 1.367893 27.449118 -1.519308 1.0
88 -1 FilteredCar 0 2 -1.639627 665.140599 178.311403 709.929661 213.470935 1.492188 1.742578 4.085938 3.740138 1.409077 32.674755 -1.525143 1.0
88 -1 FilteredCar 0 2 -1.615517 650.360748 175.370969 678.513153 199.754986 1.443888 1.577430 3.280850 3.676802 1.138114 44.059702 -1.531189 1.0
89 -1 Car 1 0 -2.334789 944.221560 178.058265 1223.000000 369.000000 1.523438 1.635937 4.406250 3.619641 1.526438 3.626705 -1.591314 1.0
89 -1 Car 1 0 2.389510 0.000000 174.408172 60.760625 271.448644 1.851562 1.682812 4.109375 -12.465794 1.751287 12.881648 1.634443 1.0
89 -1 Car 0 0 1.929854 419.621245 179.230914 468.301226 205.819546 1.492914 1.580329 3.843750 -9.621572 1.437501 42.534078 1.710636 1.0
89 -1 Car 0 0 -1.652932 716.320655 172.602727 804.944754 251.097009 1.539062 1.573243 3.523438 3.310967 1.383318 15.702061 -1.447463 1.0
89 -1 FilteredCar 0 2 -1.725157 692.416759 176.048715 769.246248 233.028590 1.500000 1.629932 3.570312 3.552180 1.383469 20.640788 -1.555626 1.0
89 -1 FilteredCar 0 2 -1.654230 675.981753 177.776299 727.507510 220.459239 1.473047 1.586718 3.640625 3.560420 1.385672 26.633066 -1.521257 1.0
89 -1 FilteredCar 0 2 -1.642308 665.756646 177.757983 712.000652 213.841439 1.492188 1.742578 4.085938 3.698561 1.385205 31.827957 -1.526143 1.0
89 -1 FilteredCar 0 2 -1.619255 652.088439 176.452399 680.991254 201.324202 1.443888 1.577430 3.280850 3.733512 1.207845 43.228060 -1.532080 1.0
90 -1 Car 1 0 -2.451707 1000.234105 178.177823 1223.000000 369.000000 1.523438 1.635937 4.406250 3.611454 1.529695 2.791848 -1.590992 1.0
90 -1 Car 0 0 1.940031 409.810695 179.853187 461.200257 207.650207 1.492914 1.580329 3.843750 -9.723613 1.478058 40.843110 1.709693 1.0
90 -1 Car 0 0 -1.664279 721.713965 172.948844 817.573961 256.374896 1.539062 1.573243 3.523438 3.309708 1.398881 14.882085 -1.448231 1.0
90 -1 FilteredCar 0 2 -1.731799 695.160571 175.521652 776.144010 235.104662 1.500000 1.629932 3.570312 3.534427 1.375247 19.817167 -1.556384 1.0
90 -1 FilteredCar 0 2 -1.656384 677.990921 177.301609 731.554891 221.486140 1.473047 1.586718 3.640625 3.545994 1.370639 25.749823 -1.519549 1.0
90 -1 FilteredCar 0 2 -1.645080 666.404306 177.176178 714.192834 214.233617 1.492188 1.742578 4.085938 3.656983 1.361332 30.981159 -1.527142 1.0
90 -1 FilteredCar 0 2 -1.621935 653.063690 176.519331 682.684773 201.902326 1.443888 1.577430 3.280850 3.739372 1.216752 42.397990 -1.532972 1.0
91 -1 Car 2 0 -2.605977 1083.820646 179.941098 1223.000000 369.000000 1.523438 1.635937 4.406250 3.620888 1.532879 1.937497 -1.591711 1.0
91 -1 Car 0 0 1.951095 399.111400 180.526828 453.513213 209.646677 1.492914 1.580329 3.843750 -9.825654 1.518614 39.152142 1.708750 1.0
91 -1 Car 0 0 -1.673290 728.561059 173.200522 832.670778 262.664564 1.539062 1.573243 3.523438 3.310503 1.412517 14.003876 -1.444487 1.0
91 -1 FilteredCar 0 2 -1.738928 698.122007 174.944136 783.701718 237.379439 1.500000 1.629932 3.570312 3.516673 1.367025 18.993547 -1.557142 1.0
91 -1 FilteredCar 0 2 -1.658805 680.132795 176.795391 735.913280 222.591442 1.473047 1.586718 3.640625 3.531569 1.355607 24.866581 -1.517841 1.0
91 -1 FilteredCar 0 2 -1.647949 667.086073 176.563747 716.517166 214.649427 1.492188 1.742578 4.085938 3.615406 1.337459 30.134361 -1.528141 1.0
91 -1 FilteredCar 0 2 -1.624686 654.076431 176.588834 684.448678 202.504489 1.443888 1.577430 3.280850 3.745233 1.225658 41.567921 -1.533863 1.0
92 -1 Car 2 0 -2.795160 1211.201936 182.649773 1223.000000 369.000000 1.523438 1.635937 4.406250 3.630321 1.536064 1.083146 -1.592430 1.0
92 -1 Car 0 0 1.963720 386.939956 180.982398 444.744746 211.525987 1.492914 1.580329 3.843750 -9.951719 1.543845 37.464361 1.707807 1.0
92 -1 Car 0 0 -1.683876 736.210155 173.491515 850.122384 269.935522 1.539062 1.573243 3.523438 3.311299 1.426154 13.125666 -1.440743 1.0
92 -1 FilteredCar 0 2 -1.748785 701.981278 174.698529 793.542198 240.712431 1.500000 1.629932 3.570312 3.503744 1.368743 18.061238 -1.558750 1.0
92 -1 FilteredCar 0 2 -1.661520 682.420964 176.249664 740.619966 223.784482 1.473047 1.586718 3.640625 3.517144 1.340575 23.983338 -1.516133 1.0
92 -1 FilteredCar 0 2 -1.650924 667.804715 175.845681 718.985972 215.091070 1.492188 1.742578 4.085938 3.573828 1.313586 29.287563 -1.529141 1.0
92 -1 FilteredCar 0 2 -1.626735 654.595820 176.877240 685.708070 203.365349 1.443888 1.577430 3.280850 3.719213 1.247506 40.739068 -1.534754 1.0
93 -1 Car 0 0 1.976929 373.974398 180.874107 435.470441 212.872909 1.492914 1.580329 3.843750 -10.075451 1.536964 35.830277 1.706745 1.0
93 -1 Car 0 0 -1.696342 744.810851 173.831812 870.526471 278.436839 1.539062 1.573243 3.523438 3.312095 1.439791 12.247458 -1.436999 1.0
93 -1 Car 0 1 -1.759494 706.221548 174.423098 804.576896 244.450693 1.500000 1.629932 3.570312 3.490815 1.370462 17.128928 -1.560358 1.0
93 -1 FilteredCar 0 2 -1.664563 684.870940 175.573453 745.718447 225.076139 1.473047 1.586718 3.640625 3.502718 1.325543 23.100095 -1.514425 1.0
93 -1 FilteredCar 0 2 -1.654014 668.563303 175.055004 721.613155 215.561033 1.492188 1.742578 4.085938 3.532251 1.289714 28.440765 -1.530140 1.0
93 -1 FilteredCar 0 2 -1.628831 655.135947 177.177150 687.021988 204.263500 1.443888 1.577430 3.280850 3.693194 1.269354 39.910214 -1.535646 1.0
94 -1 Car 0 0 1.991359 359.699907 180.755991 425.354750 214.355777 1.492914 1.580329 3.843750 -10.199182 1.530084 34.196193 1.705682 1.0
94 -1 Car 0 0 -1.715832 754.108853 174.224332 895.792475 288.926451 1.539062 1.573243 3.523438 3.304474 1.453720 11.331265 -1.437828 1.0
94 -1 Car 0 1 -1.771190 710.902155 174.112061 817.037266 248.672928 1.500000 1.629932 3.570312 3.477886 1.372180 16.196619 -1.561966 1.0
94 -1 FilteredCar 0 2 -1.673538 687.678274 175.599212 752.126607 227.296006 1.473047 1.586718 3.640625 3.500784 1.332654 22.197498 -1.517624 1.0
94 -1 FilteredCar 0 2 -1.658656 670.440898 175.170579 725.743552 217.093077 1.492188 1.742578 4.085938 3.531109 1.300781 27.547985 -1.530950 1.0
94 -1 FilteredCar 0 2 -1.631253 655.834951 177.138768 688.665122 204.923951 1.443888 1.577430 3.280850 3.664879 1.271693 38.942250 -1.536537 1.0
95 -1 Car 0 0 2.006535 344.387556 178.136428 414.715019 213.219544 1.492914 1.580329 3.843750 -10.300631 1.402201 32.558272 1.704620 1.0
95 -1 Car 0 0 -1.738257 764.797148 174.700809 926.457367 301.657518 1.539062 1.573243 3.523438 3.296853 1.467649 10.415072 -1.438658 1.0
95 -1 Car 0 1 -1.784043 716.095431 173.758034 831.218708 253.479628 1.500000 1.629932 3.570312 3.464956 1.373899 15.264310 -1.563574 1.0
95 -1 FilteredCar 0 2 -1.682983 690.705360 175.627362 759.127849 229.721756 1.473047 1.586718 3.640625 3.498850 1.339765 21.294900 -1.520823 1.0
95 -1 FilteredCar 0 2 -1.663548 672.435298 175.294545 730.173681 218.736184 1.492188 1.742578 4.085938 3.529967 1.311848 26.655206 -1.531759 1.0
95 -1 FilteredCar 0 2 -1.633752 656.568131 177.098511 690.395778 205.619588 1.443888 1.577430 3.280850 3.636565 1.274032 37.974286 -1.537428 1.0
96 -1 Car 0 0 2.020470 327.687320 180.466175 403.158700 217.816514 1.492914 1.580329 3.843750 -10.390273 1.515435 30.916416 1.701007 1.0
96 -1 Car 0 0 -1.764344 777.212753 175.291403 964.458623 317.434421 1.539062 1.573243 3.523438 3.289232 1.481578 9.498880 -1.439487 1.0
96 -1 Car 0 1 -1.797870 722.256355 174.118068 847.796411 259.740589 1.500000 1.629932 3.570312 3.459558 1.389169 14.335229 -1.564366 1.0
96 -1 Car 0 1 -1.692958 693.979026 175.658252 766.808541 232.383425 1.473047 1.586718 3.640625 3.496917 1.346876 20.392303 -1.524022 1.0
96 -1 FilteredCar 0 2 -1.668715 674.557753 175.427849 734.937400 220.502884 1.492188 1.742578 4.085938 3.528825 1.322915 25.762427 -1.532569 1.0
96 -1 FilteredCar 0 2 -1.636334 657.338057 177.056237 692.221141 206.353300 1.443888 1.577430 3.280850 3.608250 1.276370 37.006322 -1.538320 1.0
97 -1 Car 0 0 2.036191 308.882082 180.733280 390.292508 220.353049 1.492914 1.580329 3.843750 -10.483872 1.527206 29.274336 1.697394 1.0
97 -1 Car 0 0 -1.795553 792.000892 175.899584 1013.759986 338.013843 1.539062 1.573243 3.523438 3.278918 1.495815 8.562030 -1.440316 1.0
97 -1 Car 0 1 -1.813364 729.171401 174.535663 867.022582 267.002632 1.500000 1.629932 3.570312 3.454159 1.404439 13.406148 -1.565158 1.0
97 -1 Car 0 1 -1.703533 697.530650 175.692301 775.272675 235.317190 1.473047 1.586718 3.640625 3.494983 1.353987 19.489705 -1.527221 1.0
97 -1 FilteredCar 0 2 -1.674185 676.821003 175.571589 740.073863 222.407669 1.492188 1.742578 4.085938 3.527682 1.333982 24.869647 -1.533379 1.0
97 -1 FilteredCar 0 2 -1.639115 658.224712 177.160531 694.233877 207.291029 1.443888 1.577430 3.280850 3.584045 1.286630 36.038290 -1.539211 1.0
98 -1 Car 0 0 2.053875 287.679929 181.030120 375.994224 223.212834 1.492914 1.580329 3.843750 -10.577471 1.538976 27.632257 1.693781 1.0
98 -1 Car 0 0 -1.833000 809.716514 176.521401 1079.028746 365.258413 1.539062 1.573243 3.523438 3.268604 1.510052 7.625180 -1.441145 1.0
98 -1 Car 0 1 -1.830860 736.988050 175.025822 889.587016 275.526719 1.500000 1.629932 3.570312 3.448760 1.419710 12.477067 -1.565949 1.0
98 -1 Car 0 1 -1.707823 701.438664 175.563926 784.053764 238.615710 1.473047 1.586718 3.640625 3.474067 1.357456 18.524456 -1.523830 1.0
98 -1 FilteredCar 0 2 -1.677897 679.008256 175.654081 745.302967 224.511201 1.492188 1.742578 4.085938 3.508923 1.343116 23.922901 -1.532489 1.0
98 -1 FilteredCar 0 2 -1.641998 659.158149 177.270325 696.363144 208.283059 1.443888 1.577430 3.280850 3.559839 1.296890 35.070258 -1.540102 1.0
99 -1 Car 0 0 2.073812 263.591329 181.361953 360.010714 226.461864 1.492914 1.580329 3.843750 -10.671069 1.550747 25.990177 1.690168 1.0
99 -1 Car 0 0 -1.878688 831.324392 177.282915 1169.227425 369.000000 1.539062 1.573243 3.523438 3.258291 1.524289 6.688331 -1.441975 1.0
99 -1 Car 0 1 -1.850784 745.894924 175.609256 916.441812 285.673145 1.500000 1.629932 3.570312 3.443361 1.434980 11.547986 -1.566741 1.0
99 -1 Car 0 1 -1.712916 705.734735 175.419732 793.916164 242.316316 1.473047 1.586718 3.640625 3.453151 1.360925 17.559207 -1.520439 1.0
99 -1 FilteredCar 0 2 -1.681976 681.360755 175.744052 751.005984 226.804478 1.492188 1.742578 4.085938 3.490163 1.352251 22.976155 -1.531599 1.0
99 -1 FilteredCar 0 2 -1.644646 659.893719 176.559589 698.345368 208.425550 1.443888 1.577430 3.280850 3.523077 1.265398 34.102356 -1.540994 1.0
100 -1 Car 0 0 2.100285 236.024506 180.827276 342.263992 229.073872 1.492914 1.580329 3.843750 -10.770902 1.528997 24.372767 1.690662 1.0
100 -1 Car 0 0 -1.941487 861.616230 178.266256 1223.000000 369.000000 1.539062 1.573243 3.523438 3.261542 1.539026 5.689905 -1.442804 1.0
100 -1 Car 0 1 -1.873689 756.137204 176.315390 948.939183 297.953775 1.500000 1.629932 3.570312 3.437962 1.450250 10.618906 -1.567533 1.0
100 -1 Car 0 1 -1.718945 710.479629 175.256603 805.072797 246.497303 1.473047 1.586718 3.640625 3.432234 1.364394 16.593957 -1.517048 1.0
100 -1 FilteredCar 0 2 -1.686467 683.897960 175.842568 757.250399 229.314384 1.492188 1.742578 4.085938 3.471403 1.361385 22.029408 -1.530709 1.0
100 -1 FilteredCar 0 2 -1.647395 660.670256 175.735499 700.449391 208.576797 1.443888 1.577430 3.280850 3.486315 1.233907 33.134453 -1.541885 1.0
101 -1 Car 0 0 2.129696 204.200034 180.222175 322.180523 232.089148 1.492914 1.580329 3.843750 -10.870734 1.507248 22.755356 1.691155 1.0
101 -1 Car 1 0 -2.022418 901.168942 179.559173 1223.000000 369.000000 1.539062 1.573243 3.523438 3.264793 1.553763 4.691479 -1.443633 1.0
101 -1 Car 0 1 -1.902006 768.880096 176.441494 992.042223 313.474933 1.500000 1.629932 3.570312 3.431168 1.457547 9.626276 -1.568186 1.0
101 -1 Car 0 1 -1.726070 715.747500 175.070546 817.796412 251.258703 1.473047 1.586718 3.640625 3.411318 1.367864 15.628708 -1.513657 1.0
101 -1 FilteredCar 0 2 -1.692498 687.126920 176.422128 764.972244 232.713686 1.492188 1.742578 4.085938 3.462261 1.383591 21.025735 -1.530041 1.0
101 -1 FilteredCar 0 2 -1.650254 661.491280 174.853738 702.686798 208.737632 1.443888 1.577430 3.280850 3.449553 1.202416 32.166550 -1.542776 1.0
101 -1 Car 0 0 1.667235 567.967323 171.943558 588.776138 187.405058 1.403808 1.535471 4.500000 -2.466850 0.613923 67.317107 1.632517 1.0
102 -1 Car 0 0 2.162517 167.048986 179.531756 299.266256 235.608897 1.492914 1.580329 3.843750 -10.970567 1.485498 21.137946 1.691648 1.0
102 -1 Car 1 0 -2.129155 954.995697 181.335170 1223.000000 369.000000 1.539062 1.573243 3.523438 3.268044 1.568500 3.693053 -1.444462 1.0
102 -1 Car 0 1 -1.935748 784.053041 176.604152 1047.624854 333.494291 1.500000 1.629932 3.570312 3.424374 1.464843 8.633646 -1.568838 1.0
102 -1 Car 0 1 -1.741032 722.208024 176.403941 834.576844 258.667523 1.473047 1.586718 3.640625 3.403734 1.400429 14.610623 -1.515215 1.0
102 -1 Car 0 1 -1.699173 690.649091 176.948281 773.558008 236.491402 1.492188 1.742578 4.085938 3.453119 1.405797 20.022061 -1.529373 1.0
102 -1 FilteredCar 0 2 -1.661366 679.586389 174.683767 736.577845 218.067699 1.483311 1.712267 4.046875 3.765466 1.282422 26.508943 -1.520246 1.0
102 -1 FilteredCar 0 2 -1.653233 662.360725 173.914226 705.070690 208.908999 1.443888 1.577430 3.280850 3.412791 1.170925 31.198648 -1.543668 1.0
102 -1 Car 0 0 1.674805 564.589079 170.511488 586.581838 186.605182 1.403808 1.535471 4.500000 -2.627543 0.518193 64.766496 1.636224 1.0
103 -1 Car 0 0 2.198189 124.400405 180.654829 273.812851 242.015458 1.492914 1.580329 3.843750 -11.051066 1.521624 19.539593 1.692142 1.0
103 -1 Car 1 0 -2.272586 1032.524684 184.781437 1223.000000 369.000000 1.539062 1.573243 3.523438 3.271295 1.583236 2.694627 -1.445292 1.0
103 -1 Car 0 1 -1.976587 802.424408 176.801543 1122.024321 360.298667 1.500000 1.629932 3.570312 3.417580 1.472140 7.641016 -1.569491 1.0
103 -1 Car 0 1 -1.757854 729.521049 177.632257 854.264839 267.354182 1.473047 1.586718 3.640625 3.396149 1.432995 13.592538 -1.516773 1.0
103 -1 Car 0 1 -1.706588 694.506309 177.524708 783.161268 240.714446 1.492188 1.742578 4.085938 3.443977 1.428003 19.018387 -1.528706 1.0
103 -1 FilteredCar 0 2 -1.666938 681.787900 175.684982 741.724628 220.920670 1.483311 1.712267 4.046875 3.745845 1.323917 25.503463 -1.521221 1.0
103 -1 FilteredCar 0 2 -1.656586 663.438714 174.686686 707.796376 210.867574 1.443888 1.577430 3.280850 3.382925 1.211197 30.228472 -1.544599 1.0
103 -1 Car 0 0 1.671618 560.244684 171.850791 583.075149 188.692544 1.403808 1.535471 4.500000 -2.858072 0.670817 61.983081 1.627523 1.0
104 -1 Car 0 0 2.238326 73.299718 181.959725 244.240238 249.691054 1.492914 1.580329 3.843750 -11.131565 1.557750 17.941240 1.692635 1.0
104 -1 Car 2 0 -2.474663 1155.871301 187.775545 1223.000000 369.000000 1.539062 1.573243 3.523438 3.236520 1.582172 1.634209 -1.446226 1.0
104 -1 Car 0 1 -2.026894 825.124663 176.978479 1223.000000 369.000000 1.500000 1.629932 3.570312 3.410786 1.479436 6.648386 -1.570144 1.0
104 -1 Car 0 1 -1.776944 737.867217 179.034638 877.687805 277.680470 1.473047 1.586718 3.640625 3.388565 1.465560 12.574453 -1.518330 1.0
104 -1 Car 0 1 -1.714862 698.748766 178.158977 793.974290 245.466493 1.492188 1.742578 4.085938 3.434835 1.450209 18.014713 -1.528038 1.0
104 -1 FilteredCar 0 2 -1.672875 684.156263 176.709081 747.332235 224.028608 1.483311 1.712267 4.046875 3.726223 1.365411 24.497984 -1.522196 1.0
104 -1 FilteredCar 0 2 -1.660096 664.584430 175.513420 710.713493 212.963741 1.443888 1.577430 3.280850 3.353060 1.251469 29.258297 -1.545531 1.0
104 -1 Car 0 0 1.668944 555.475674 173.320851 579.250663 190.984313 1.403808 1.535471 4.500000 -3.088601 0.823440 59.199667 1.618822 1.0
105 -1 Car 0 0 2.283684 10.958014 183.494487 209.460450 259.153746 1.492914 1.580329 3.843750 -11.212064 1.593876 16.342887 1.693128 1.0
105 -1 Car 1 1 -2.090107 853.888172 177.202608 1223.000000 369.000000 1.500000 1.629932 3.570312 3.403992 1.486733 5.655756 -1.570796 1.0
105 -1 Car 0 1 -1.798836 747.482081 180.650907 906.019988 290.158992 1.473047 1.586718 3.640625 3.380980 1.498126 11.556368 -1.519888 1.0
105 -1 Car 0 1 -1.724135 703.437209 178.860254 806.241047 250.853584 1.492188 1.742578 4.085938 3.425693 1.472415 17.011039 -1.527370 1.0
105 -1 FilteredCar 0 2 -1.679223 686.711194 177.711678 753.465460 227.427293 1.483311 1.712267 4.046875 3.706602 1.406905 23.492505 -1.523170 1.0
105 -1 FilteredCar 0 2 -1.663780 665.804461 176.400355 713.842944 215.212525 1.443888 1.577430 3.280850 3.323194 1.291741 28.288121 -1.546463 1.0
105 -1 Car 0 0 1.666856 550.216470 174.941784 575.063237 193.512045 1.403808 1.535471 4.500000 -3.319130 0.976064 56.416253 1.610121 1.0
