0 -1 Car 0 0 -1.793451 296.744956 161.752147 455.226042 292.372804 2.000000 1.823255 4.433886 -4.552284 1.858523 13.410495 -2.115488 1.0
0 -1 Cyclist 0 0 -1.936993 737.619499 161.531951 931.112229 374.000000 1.739063 0.824591 1.785241 1.640400 1.675660 5.776261 -1.675458 1.0
1 -1 Car 0 0 -1.796862 294.898777 156.024256 452.199718 284.621269 2.000000 1.823255 4.433886 -4.650955 1.766774 13.581085 -2.121565 1.0
1 -1 Cyclist 0 0 -1.935205 745.017137 156.393157 938.839722 374.000000 1.739063 0.824591 1.785241 1.700640 1.640419 5.778596 -1.664456 1.0
2 -1 Car 0 0 -1.800343 293.093560 150.470149 449.259225 277.104290 2.000000 1.823255 4.433886 -4.749625 1.675025 13.751675 -2.127642 1.0
2 -1 Cyclist 0 0 -1.933364 752.406083 151.248515 946.562490 374.000000 1.739063 0.824591 1.785241 1.760880 1.605178 5.780931 -1.653453 1.0
3 -1 Car 0 0 -1.803889 291.328036 145.082168 446.400830 269.811515 2.000000 1.823255 4.433886 -4.848295 1.583277 13.922264 -2.133719 1.0
3 -1 Cyclist 0 0 -1.931469 759.786603 146.098339 954.280160 374.000000 1.739063 0.824591 1.785241 1.821119 1.569936 5.783265 -1.642450 1.0
4 -1 Car 0 0 -1.808333 290.287584 146.641981 444.387179 269.473545 2.000000 1.823255 4.433886 -4.934786 1.601945 14.098646 -2.139796 1.0
4 -1 Cyclist 0 0 -1.929519 767.158958 140.942948 961.992360 374.000000 1.739063 0.824591 1.785241 1.881359 1.534695 5.785600 -1.631447 1.0
5 -1 Car 0 0 -1.812818 289.271282 148.155300 442.428857 269.145082 2.000000 1.823255 4.433886 -5.021277 1.620613 14.275029 -2.145873 1.0
5 -1 Cyclist 0 0 -1.953750 766.121990 144.055024 964.267937 374.000000 1.739063 0.824591 1.785241 1.895126 1.554621 5.811552 -1.654852 1.0
5 -1 Car 2 2 2.131494 371.255591 156.483657 456.129203 198.946733 2.195312 1.895275 5.530314 -10.850808 1.378517 40.289896 1.869776 1.0
6 -1 Car 0 0 -1.811800 288.044118 147.111524 439.326636 266.443764 2.000000 1.823255 4.433886 -5.118224 1.597464 14.439823 -2.147267 1.0
6 -1 Cyclist 0 0 -1.977973 765.129111 147.124585 966.438106 374.000000 1.739063 0.824591 1.785241 1.908893 1.574546 5.837503 -1.678257 1.0
6 -1 Car 2 2 2.133168 379.391627 159.146710 464.519993 201.762743 2.195312 1.895275 5.530314 -10.342982 1.519619 40.108802 1.882065 1.0
7 -1 Car 0 0 -1.810839 286.853550 148.660413 436.321849 266.388627 2.000000 1.823255 4.433886 -5.214711 1.617953 14.604162 -2.148660 1.0
7 -1 Cyclist 0 0 -2.002189 764.180855 150.151704 968.503516 374.000000 1.739063 0.824591 1.785241 1.922660 1.594472 5.863455 -1.701662 1.0
7 -1 Car 2 2 2.134688 387.603899 161.836161 472.985524 204.626593 2.195312 1.895275 5.530314 -9.835156 1.660720 39.927707 1.894354 1.0
8 -1 Car 0 0 -1.809933 285.694115 151.756923 433.403548 267.928972 2.000000 1.823255 4.433886 -5.310908 1.665835 14.768214 -2.150054 1.0
8 -1 Cyclist 0 0 -2.026398 763.277750 153.136487 970.464903 374.000000 1.739063 0.824591 1.785241 1.936427 1.614397 5.889406 -1.725068 1.0
8 -1 Car 2 2 2.136054 395.893214 164.552304 481.527027 207.554864 2.195312 1.895275 5.530314 -9.327330 1.801822 39.746613 1.906643 1.0
9 -1 Car 0 0 -1.809080 284.544464 151.841430 430.535077 266.488128 2.000000 1.823255 4.433886 -5.407646 1.662509 14.932802 -2.151447 1.0
9 -1 Cyclist 0 0 -2.050600 762.420320 156.079075 972.323089 374.000000 1.739063 0.824591 1.785241 1.950193 1.634322 5.915358 -1.748473 1.0
9 -1 Car 0 2 2.137265 404.260385 167.295434 490.145757 210.511716 2.195312 1.895275 5.530314 -8.819504 1.942924 39.565518 1.918932 1.0
10 -1 Car 0 0 -1.808279 283.445343 158.068578 427.781532 271.249591 2.000000 1.823255 4.433886 -5.503235 1.767942 15.096252 -2.152841 1.0
10 -1 Cyclist 0 0 -2.049976 760.775609 156.367066 967.964682 374.000000 1.739063 0.824591 1.785241 1.950046 1.634862 5.980300 -1.750818 1.0
10 -1 Car 0 1 2.138320 412.706242 170.065852 498.842999 213.497464 2.195312 1.895275 5.530314 -8.311678 2.084025 39.384424 1.931221 1.0
11 -1 Car 0 0 -1.809418 282.442928 158.381115 425.708612 270.299960 2.000000 1.823255 4.433886 -5.584318 1.770644 15.238743 -2.155689 1.0
11 -1 Cyclist 0 0 -2.049408 759.161786 156.647830 963.715337 374.000000 1.739063 0.824591 1.785241 1.949899 1.635402 6.045242 -1.753162 1.0
11 -1 Car 0 1 2.140848 419.411629 169.346399 506.092277 213.068606 2.195312 1.895275 5.530314 -7.881526 2.048446 39.140435 1.942977 1.0
12 -1 Car 0 0 -1.810589 281.457376 158.686800 423.678738 269.371155 2.000000 1.823255 4.433886 -5.665401 1.773347 15.381234 -2.158537 1.0
12 -1 Cyclist 0 0 -2.048895 757.577998 156.921635 959.570993 374.000000 1.739063 0.824591 1.785241 1.949752 1.635942 6.110184 -1.755507 1.0
12 -1 Car 0 1 2.143226 426.204758 168.617373 513.430082 212.633597 2.195312 1.895275 5.530314 -7.451374 2.012867 38.896446 1.954734 1.0
13 -1 Car 0 0 -1.811793 280.488280 158.985857 421.690566 268.462499 2.000000 1.823255 4.433886 -5.746484 1.776050 15.523726 -2.161385 1.0
13 -1 Cyclist 0 0 -2.048433 756.023423 157.188738 955.527790 374.000000 1.739063 0.824591 1.785241 1.949604 1.636481 6.175126 -1.757852 1.0
13 -1 Car 0 1 2.145452 433.087113 167.878604 520.858255 212.192324 2.195312 1.895275 5.530314 -7.021222 1.977288 38.652458 1.966490 1.0
14 -1 Car 0 0 -1.813028 279.535241 159.278498 419.742805 267.573344 2.000000 1.823255 4.433886 -5.827567 1.778753 15.666217 -2.164233 1.0
14 -1 Cyclist 0 0 -2.048023 754.497271 157.449381 951.582054 374.000000 1.739063 0.824591 1.785241 1.949457 1.637021 6.240068 -1.760197 1.0
14 -1 Car 0 1 2.147525 440.060207 167.129915 528.378686 211.744675 2.195312 1.895275 5.530314 -6.591070 1.941710 38.408469 1.978247 1.0
15 -1 Car 0 0 -1.814293 278.597877 159.564927 417.834217 266.703068 2.000000 1.823255 4.433886 -5.908650 1.781455 15.808708 -2.167082 1.0
15 -1 Cyclist 0 0 -2.067312 748.576297 161.920691 944.954488 374.000000 1.739063 0.824591 1.785241 1.925884 1.669392 6.326126 -1.786378 1.0
15 -1 Car 0 1 2.149441 447.125592 166.371128 535.993321 211.290533 2.195312 1.895275 5.530314 -6.160918 1.906131 38.164481 1.990003 1.0
16 -1 Car 0 0 -1.806616 278.583750 152.925649 415.326418 259.075915 2.000000 1.823255 4.433886 -5.981431 1.653812 15.935761 -2.160770 1.0
16 -1 Cyclist 0 0 -2.086753 742.822419 166.233928 938.481856 374.000000 1.739063 0.824591 1.785241 1.902311 1.701763 6.412183 -1.812559 1.0
16 -1 Car 0 1 2.150912 454.519594 166.663812 543.916138 211.893334 2.195312 1.895275 5.530314 -5.718926 1.922118 37.919635 2.001759 1.0
17 -1 Car 0 0 -1.798961 278.625653 158.179714 412.939242 263.395357 2.000000 1.823255 4.433886 -6.051844 1.750316 16.060472 -2.154458 1.0
17 -1 Cyclist 0 0 -2.106340 737.230710 170.396261 932.156582 374.000000 1.739063 0.824591 1.785241 1.878737 1.734134 6.498241 -1.838741 1.0
17 -1 Car 0 1 2.152218 462.012356 166.960706 551.940416 212.504132 2.195312 1.895275 5.530314 -5.276933 1.938106 37.674788 2.013516 1.0
18 -1 Car 0 0 -1.792771 279.839832 165.295773 411.847947 269.490230 2.000000 1.823255 4.433886 -6.100129 1.884195 16.199139 -2.148146 1.0
18 -1 Cyclist 0 0 -2.126070 731.796500 174.414472 925.971554 374.000000 1.739063 0.824591 1.785241 1.855164 1.766505 6.584298 -1.864922 1.0
18 -1 Car 0 1 2.153460 469.552166 171.462318 560.040159 217.337708 2.195312 1.895275 5.530314 -4.835893 2.155274 37.421348 2.025272 1.0
19 -1 Car 0 0 -1.786579 281.035508 172.027539 410.771982 275.466081 2.000000 1.823255 4.433886 -6.148414 2.018074 16.337805 -2.141834 1.0
19 -1 Cyclist 0 0 -2.145938 726.515358 178.294983 919.920080 374.000000 1.739063 0.824591 1.785241 1.831591 1.798876 6.670355 -1.891103 1.0
19 -1 Car 0 1 2.154531 477.197286 176.029431 568.249016 222.241120 2.195312 1.895275 5.530314 -4.394853 2.372442 37.167909 2.037028 1.0
20 -1 Car 0 0 -1.780384 282.213139 178.423531 409.710996 281.326228 2.000000 1.823255 4.433886 -6.196699 2.151953 16.476472 -2.135522 1.0
20 -1 Cyclist 0 0 -2.162971 718.531351 177.437178 910.500369 374.000000 1.739063 0.824591 1.785241 1.779747 1.792479 6.761353 -1.918182 1.0
20 -1 Car 0 1 2.155431 484.949656 180.131668 576.569443 227.215728 2.195312 1.895275 5.530314 -3.953814 2.589610 36.914469 2.048785 1.0
21 -1 Car 0 0 -1.764048 287.104745 176.360481 410.350160 278.151904 2.000000 1.823255 4.433886 -6.184840 2.109358 16.620804 -2.115769 1.0
21 -1 Cyclist 0 0 -2.180212 710.755958 176.610636 901.330218 374.000000 1.739063 0.824591 1.785241 1.727903 1.786082 6.852350 -1.945262 1.0
21 -1 Car 0 1 2.154849 494.055010 178.372652 586.046884 225.505316 2.195312 1.895275 5.530314 -3.458806 2.493326 36.700762 2.060860 1.0
22 -1 Car 0 0 -1.747662 291.910208 172.671777 410.939474 273.267005 2.000000 1.823255 4.433886 -6.173353 2.031611 16.765504 -2.096016 1.0
22 -1 Cyclist 0 0 -2.197654 703.182825 175.813928 892.397858 374.000000 1.739063 0.824591 1.785241 1.676059 1.779685 6.943347 -1.972341 1.0
22 -1 Car 0 1 2.154088 503.266894 176.591784 595.636353 223.773146 2.195312 1.895275 5.530314 -2.963799 2.397042 36.487056 2.072936 1.0
23 -1 Car 0 0 -1.731227 296.639845 169.034948 411.493239 268.469247 2.000000 1.823255 4.433886 -6.161866 1.953864 16.910204 -2.076262 1.0
23 -1 Cyclist 0 0 -2.215295 695.805929 175.045702 883.651609 374.000000 1.739063 0.824591 1.785241 1.624215 1.773288 7.034344 -1.999420 1.0
23 -1 Car 0 1 2.153149 512.586885 174.601512 605.340112 222.018875 2.195312 1.895275 5.530314 -2.468792 2.300758 36.273349 2.085011 1.0
24 -1 Car 0 0 -1.714746 301.316873 169.619277 412.045017 268.181094 2.000000 1.823255 4.433886 -6.149430 1.965950 17.053965 -2.056509 1.0
24 -1 Cyclist 0 0 -2.233129 688.619556 174.304678 875.103594 374.000000 1.739063 0.824591 1.785241 1.572371 1.766891 7.125341 -2.026499 1.0
24 -1 Car 0 1 2.152033 522.016591 172.530495 615.160481 220.242158 2.195312 1.895275 5.530314 -1.973785 2.204474 36.059643 2.097086 1.0
25 -1 Car 0 0 -1.698218 305.921995 170.196348 412.563625 267.892887 2.000000 1.823255 4.433886 -6.136993 1.978037 17.197726 -2.036756 1.0
25 -1 Cyclist 0 0 -2.217381 679.098134 172.161527 861.069880 373.778511 1.739063 0.824591 1.785241 1.477971 1.747422 7.216373 -2.025242 1.0
25 -1 Car 0 1 2.153422 529.274100 170.342959 623.430721 218.578921 2.195312 1.895275 5.530314 -1.569057 2.104583 35.690693 2.109162 1.0
26 -1 Car 0 0 -1.675611 313.520829 159.696804 414.780052 256.072780 2.000000 1.823255 4.433886 -6.072986 1.753010 17.360436 -2.007943 1.0
26 -1 Cyclist 0 0 -2.201900 669.797166 170.075950 847.414005 368.669808 1.739063 0.824591 1.785241 1.383570 1.727953 7.307405 -2.023985 1.0
26 -1 Car 0 1 2.158604 533.270260 168.114589 629.363065 217.219198 2.195312 1.895275 5.530314 -1.299621 2.006489 35.101323 2.121237 1.0
27 -1 Car 0 0 -1.652918 321.009905 154.092263 416.951807 249.445133 2.000000 1.823255 4.433886 -6.007883 1.631726 17.522061 -1.979131 1.0
27 -1 Cyclist 0 0 -2.186685 660.709081 168.045656 834.120912 363.705936 1.739063 0.824591 1.785241 1.289170 1.708484 7.398437 -2.022728 1.0
27 -1 Car 0 1 2.155499 544.261567 165.820584 640.486473 215.138569 2.195312 1.895275 5.530314 -0.759602 1.904801 34.952793 2.133313 1.0
28 -1 Car 0 0 -1.630140 328.408812 156.477727 419.104321 250.838244 2.000000 1.823255 4.433886 -5.941016 1.677461 17.681942 -1.950319 1.0
28 -1 Cyclist 0 0 -2.171732 651.826656 166.068480 821.176334 358.880827 1.739063 0.824591 1.785241 1.194770 1.689015 7.489468 -2.021471 1.0
28 -1 Car 0 1 2.156177 552.001124 163.482569 649.283451 213.358997 2.195312 1.895275 5.530314 -0.354875 1.804910 34.583843 2.145388 1.0
29 -1 Car 0 0 -1.608719 334.340354 157.421483 422.421905 250.703104 2.000000 1.823255 4.433886 -5.850514 1.692951 17.857237 -1.921507 1.0
29 -1 Cyclist 0 0 -2.157041 643.142988 164.118351 808.566742 354.188741 1.739063 0.824591 1.785241 1.100370 1.669546 7.580500 -2.020214 1.0
29 -1 Car 0 1 2.156607 559.911287 161.091104 658.267901 211.538104 2.195312 1.895275 5.530314 0.049853 1.705019 34.214893 2.157463 1.0
30 -1 Car 0 0 -1.587190 338.488103 159.797883 425.655778 252.100920 2.000000 1.823255 4.433886 -5.759661 1.741767 18.032184 -1.892695 1.0
30 -1 Cyclist 0 0 -2.130446 634.540834 163.653629 795.312759 351.594691 1.739063 0.824591 1.785241 0.997298 1.664201 7.655361 -2.007641 1.0
30 -1 Car 0 1 2.156785 567.997366 158.644422 667.446226 209.674521 2.195312 1.895275 5.530314 0.454580 1.605128 33.845943 2.169539 1.0
31 -1 Car 0 0 -1.550067 344.926937 158.820902 431.114997 250.137348 2.000000 1.823255 4.433886 -5.570381 1.717663 18.206312 -1.843510 1.0
31 -1 Cyclist 0 0 -2.104065 626.121953 163.199565 782.288676 349.054201 1.739063 0.824591 1.785241 0.894226 1.658857 7.730222 -1.995068 1.0
31 -1 Car 0 1 2.156806 576.863952 158.287070 677.451142 209.924748 2.195312 1.895275 5.530314 0.887461 1.596629 33.470358 2.182523 1.0
32 -1 Car 0 0 -1.524181 351.793308 158.390273 436.929618 248.792471 2.000000 1.823255 4.433886 -5.394201 1.705520 18.369245 -1.806513 1.0
32 -1 Cyclist 0 0 -2.077898 617.880476 162.755840 769.488824 346.565680 1.739063 0.824591 1.785241 0.791155 1.653512 7.805084 -1.982495 1.0
32 -1 Car 0 1 2.156544 585.934568 157.921424 687.682059 210.180509 2.195312 1.895275 5.530314 1.320341 1.588130 33.094773 2.195507 1.0
33 -1 Car 0 0 -1.497903 360.278994 159.071024 448.808853 248.561671 2.000000 1.823255 4.433886 -5.176517 1.718598 18.537312 -1.767138 1.0
33 -1 Cyclist 0 0 -2.051946 609.810771 162.321833 756.907738 344.127601 1.739063 0.824591 1.785241 0.688083 1.648167 7.879945 -1.969922 1.0
33 -1 Car 0 2 2.155995 595.215831 157.547197 698.147160 210.441994 2.195312 1.895275 5.530314 1.753221 1.579631 32.719188 2.208490 1.0
34 -1 Car 0 0 -1.474526 368.036714 157.652925 459.610368 246.353029 2.000000 1.823255 4.433886 -4.971489 1.683825 18.675023 -1.731800 1.0
34 -1 Cyclist 0 0 -2.026207 601.907429 161.888070 744.540137 341.738492 1.739063 0.824591 1.785241 0.585011 1.642822 7.954806 -1.957349 1.0
34 -1 Car 0 2 2.155154 604.714649 157.164087 708.855024 210.709401 2.195312 1.895275 5.530314 2.186102 1.571132 32.343603 2.221474 1.0
35 -1 Car 0 0 -1.432934 374.644175 158.555612 472.337049 246.674395 2.000000 1.823255 4.433886 -4.740171 1.703393 18.778498 -1.677493 1.0
35 -1 Cyclist 0 0 -2.001441 595.878778 162.098541 734.945223 341.092772 1.739063 0.824591 1.785241 0.502101 1.644600 7.989120 -1.942844 1.0
35 -1 Car 0 2 2.154017 614.438237 156.771776 719.814657 210.982941 2.195312 1.895275 5.530314 2.618982 1.562633 31.968018 2.234458 1.0
36 -1 Car 0 0 -1.403480 385.116458 156.864333 486.458715 244.198162 2.000000 1.823255 4.433886 -4.448687 1.661889 18.912463 -1.632032 1.0
36 -1 Cyclist 0 0 -1.976747 589.923753 162.308147 725.396087 340.448777 1.739063 0.824591 1.785241 0.419190 1.646378 8.023434 -1.928338 1.0
36 -1 Car 0 2 2.153567 626.055175 157.018177 733.289032 212.178352 2.195312 1.895275 5.530314 3.123659 1.582988 31.449296 2.251083 1.0
37 -1 Car 0 0 -1.373923 395.509409 155.197587 500.367897 241.753236 2.000000 1.823255 4.433886 -4.157203 1.620386 19.046428 -1.586571 1.0
37 -1 Cyclist 0 0 -1.952126 584.040764 162.516888 715.893011 339.806539 1.739063 0.824591 1.785241 0.336279 1.648156 8.057747 -1.913833 1.0
37 -1 Car 0 1 2.152609 638.065474 157.273897 747.214863 213.415389 2.195312 1.895275 5.530314 3.628335 1.603344 30.930574 2.267709 1.0
38 -1 Car 0 0 -1.355040 408.223938 156.585778 515.121518 242.687427 2.000000 1.823255 4.433886 -3.808993 1.651402 19.120641 -1.549703 1.0
38 -1 Cyclist 0 0 -1.927581 578.228252 162.724762 706.436287 339.166090 1.739063 0.824591 1.785241 0.253368 1.649933 8.092061 -1.899327 1.0
38 -1 Car 0 1 2.151132 650.488237 157.539413 761.616291 214.696215 2.195312 1.895275 5.530314 4.133012 1.623700 30.411852 2.284334 1.0
39 -1 Car 0 0 -1.336146 420.865527 157.971829 529.764197 243.598106 2.000000 1.823255 4.433886 -3.460783 1.682418 19.194854 -1.512835 1.0
39 -1 Cyclist 0 0 -1.903112 572.484687 162.931768 697.026205 338.527462 1.739063 0.824591 1.785241 0.170457 1.651711 8.126375 -1.884821 1.0
39 -1 Car 0 1 2.149126 663.343823 157.815235 776.519199 216.023145 2.195312 1.895275 5.530314 4.637689 1.644055 29.893131 2.300960 1.0
40 -1 Car 0 0 -1.317230 433.433068 159.355012 544.299114 244.485392 2.000000 1.823255 4.433886 -3.112573 1.713435 19.269068 -1.475967 1.0
40 -1 Cyclist 0 0 -1.894614 571.316466 164.186232 695.072485 340.287582 1.739063 0.824591 1.785241 0.152269 1.664894 8.107548 -1.878464 1.0
40 -1 Car 0 1 2.146579 676.653960 158.101912 791.951389 217.398661 2.195312 1.895275 5.530314 5.142366 1.664411 29.374409 2.317585 1.0
41 -1 Car 0 0 -1.302886 449.158946 160.904321 561.535012 245.879202 2.000000 1.823255 4.433886 -2.676493 1.749317 19.291872 -1.439670 1.0
41 -1 Cyclist 0 0 -1.886105 570.146443 165.448622 693.103565 342.055737 1.739063 0.824591 1.785241 0.134081 1.678077 8.088720 -1.872106 1.0
41 -1 Car 0 1 2.143484 690.441862 158.400031 807.942750 218.825429 2.195312 1.895275 5.530314 5.647043 1.684766 28.855687 2.334211 1.0
42 -1 Car 0 0 -1.288622 464.855601 162.457394 578.744723 247.423860 2.000000 1.823255 4.433886 -2.240413 1.785200 19.314677 -1.403373 1.0
42 -1 Cyclist 0 0 -1.877587 568.974583 166.718999 691.119344 343.831961 1.739063 0.824591 1.785241 0.115893 1.691260 8.069893 -1.865748 1.0
42 -1 Car 0 1 2.139833 704.732333 158.710223 824.525441 220.306311 2.195312 1.895275 5.530314 6.151719 1.705122 28.336965 2.350837 1.0
43 -1 Car 0 1 -1.274418 480.519596 164.013369 595.931504 248.956022 2.000000 1.823255 4.433886 -1.804334 1.821083 19.337482 -1.367077 1.0
43 -1 Cyclist 0 0 -1.869060 567.800847 167.997420 689.119716 345.616284 1.739063 0.824591 1.785241 0.097706 1.704442 8.051066 -1.859390 1.0
43 -1 Car 0 1 2.135617 719.551963 159.033168 841.734163 221.844394 2.195312 1.895275 5.530314 6.656396 1.725477 27.818243 2.367462 1.0
44 -1 Car 0 1 -1.269531 499.770269 163.278934 615.417909 248.177461 2.000000 1.823255 4.433886 -1.289517 1.803016 19.358767 -1.336048 1.0
44 -1 Cyclist 0 0 -1.860522 566.625199 169.283949 687.104579 347.408740 1.739063 0.824591 1.785241 0.079518 1.717625 8.032238 -1.853032 1.0
44 -1 Car 0 1 2.130834 734.929218 159.369597 859.606337 223.442998 2.195312 1.895275 5.530314 7.161073 1.745833 27.299522 2.384088 1.0
45 -1 Car 0 2 -1.264679 518.945823 162.547794 634.899744 247.390869 2.000000 1.823255 4.433886 -0.774701 1.784950 19.380053 -1.305020 1.0
45 -1 Cyclist 0 0 -1.851104 572.311032 168.367076 692.010736 347.057547 1.739063 0.824591 1.785241 0.137309 1.708537 8.007089 -1.836616 1.0
45 -1 Car 0 1 2.125479 750.894690 159.720300 878.182463 225.105712 2.195312 1.895275 5.530314 7.665750 1.766189 26.780800 2.400713 1.0
46 -1 Car 0 2 -1.260976 539.584766 161.199680 656.135276 246.287166 2.000000 1.823255 4.433886 -0.214389 1.753212 19.339197 -1.272862 1.0
46 -1 Cyclist 0 0 -1.841727 578.029185 167.441722 696.945830 346.697852 1.739063 0.824591 1.785241 0.195101 1.699448 7.981940 -1.820199 1.0
46 -1 Car 0 1 2.121228 767.856968 158.129401 898.499676 225.095213 2.195312 1.895275 5.530314 8.170191 1.723612 26.181361 2.419891 1.0
47 -1 Car 0 2 -1.257411 560.277128 159.846832 677.501941 245.167690 2.000000 1.823255 4.433886 0.345922 1.721474 19.298341 -1.240705 1.0
47 -1 Cyclist 0 0 -1.832391 583.779938 166.507840 701.910170 346.329628 1.739063 0.824591 1.785241 0.252892 1.690360 7.956791 -1.803782 1.0
47 -1 Car 0 1 2.116247 785.602722 156.460483 919.787505 225.082209 2.195312 1.895275 5.530314 8.674632 1.681035 25.581923 2.439070 1.0
48 -1 Car 0 2 -1.253939 581.018464 158.489775 699.004975 244.032741 2.000000 1.823255 4.433886 0.906234 1.689736 19.257485 -1.208547 1.0
48 -1 Cyclist 0 0 -1.823095 589.563576 165.565387 706.904066 345.952850 1.739063 0.824591 1.785241 0.310684 1.681272 7.931642 -1.787366 1.0
48 -1 Car 0 1 2.110532 804.185045 154.707800 942.119473 225.066526 2.195312 1.895275 5.530314 9.179073 1.638459 24.982485 2.458248 1.0
49 -1 Car 0 2 -1.250513 601.804476 157.129043 720.649610 242.882650 2.000000 1.823255 4.433886 1.466545 1.657998 19.216629 -1.176389 1.0
49 -1 Cyclist 0 0 -1.813840 595.380399 164.614323 711.927826 345.567497 1.739063 0.824591 1.785241 0.368475 1.672183 7.906493 -1.770949 1.0
49 -1 Car 0 1 2.104082 823.661948 152.865028 965.576695 225.047973 2.195312 1.895275 5.530314 9.683514 1.595882 24.383046 2.477427 1.0
50 -1 Car 0 2 -1.247085 622.631040 155.765177 742.441079 241.717773 2.000000 1.823255 4.433886 2.026856 1.626259 19.175774 -1.144231 1.0
50 -1 Cyclist 0 0 -1.802408 605.792671 164.104341 721.150806 345.297272 1.739063 0.824591 1.785241 0.474743 1.667415 7.892890 -1.746485 1.0
50 -1 Car 0 1 2.096897 844.096954 150.925188 990.248905 225.026340 2.195312 1.895275 5.530314 10.187955 1.553305 23.783608 2.496605 1.0
51 -1 Car 0 2 -1.242950 644.316221 155.158237 765.584119 241.515087 2.000000 1.823255 4.433886 2.608513 1.613145 19.092670 -1.110061 1.0
51 -1 Cyclist 0 0 -1.791000 616.232216 163.591893 730.403241 345.012773 1.739063 0.824591 1.785241 0.581010 1.662646 7.879286 -1.722021 1.0
51 -1 Car 0 1 2.090235 861.830386 150.332825 1012.607149 226.598295 2.195312 1.895275 5.530314 10.559551 1.553982 23.150089 2.512855 1.0
52 -1 Car 0 2 -1.238831 666.137741 154.549802 788.993404 241.300166 2.000000 1.823255 4.433886 3.190170 1.600030 19.009566 -1.075890 1.0
52 -1 Cyclist 0 0 -1.779612 626.699801 163.077061 739.684637 344.714102 1.739063 0.824591 1.785241 0.687278 1.657877 7.865682 -1.697558 1.0
52 -1 Car 0 1 2.082802 880.545667 149.705641 1036.247592 228.263200 2.195312 1.895275 5.530314 10.931147 1.554658 22.516569 2.529106 1.0
53 -1 Car 0 2 -1.234673 688.092054 153.940099 812.678083 241.072936 2.000000 1.823255 4.433886 3.771827 1.586915 18.926463 -1.041720 1.0
53 -1 Cyclist 0 0 -1.768240 637.196218 162.559935 748.994465 344.401374 1.739063 0.824591 1.785241 0.793545 1.653108 7.852079 -1.673094 1.0
53 -1 Car 0 1 2.074587 900.324413 149.040446 1061.285889 230.029552 2.195312 1.895275 5.530314 11.302743 1.555335 21.883050 2.545356 1.0
54 -1 Car 0 2 -1.230425 710.175788 153.329359 836.647436 240.833348 2.000000 1.823255 4.433886 4.353483 1.573801 18.843359 -1.007550 1.0
54 -1 Cyclist 0 0 -1.756879 647.722298 162.040604 758.332160 344.074721 1.739063 0.824591 1.785241 0.899813 1.648340 7.838475 -1.648630 1.0
54 -1 Car 0 1 2.065581 921.257543 148.333652 1087.852021 231.906914 2.195312 1.895275 5.530314 11.674339 1.556012 21.249531 2.561606 1.0
55 -1 Car 0 1 -1.226031 732.385772 152.717807 860.910880 240.581375 2.000000 1.823255 4.433886 4.935140 1.560686 18.760256 -0.973379 1.0
55 -1 Cyclist 0 0 -1.704641 667.752690 161.417550 770.784104 342.499171 1.739063 0.824591 1.785241 1.080956 1.642247 7.853299 -1.574651 1.0
55 -1 Car 0 1 2.055779 943.446661 147.581201 1116.092596 233.906097 2.195312 1.895275 5.530314 12.045935 1.556688 20.616012 2.577856 1.0
56 -1 Car 0 0 -1.216075 754.522069 152.319774 886.301229 240.700618 2.000000 1.823255 4.433886 5.514587 1.553145 18.642508 -0.933464 1.0
56 -1 Cyclist 0 0 -1.652203 687.794349 160.807413 782.944020 341.262086 1.739063 0.824591 1.785241 1.262099 1.636155 7.868123 -1.500672 1.0
56 -1 Car 0 1 2.046498 960.969274 146.392041 1139.019393 235.343508 2.195312 1.895275 5.530314 12.279598 1.545818 20.053756 2.588914 1.0
57 -1 Car 0 0 -1.205972 776.868831 151.923077 912.114507 240.807051 2.000000 1.823255 4.433886 6.094033 1.545604 18.524761 -0.893548 1.0
57 -1 Cyclist 0 0 -1.599546 706.210236 160.211597 794.818560 340.883746 1.739063 0.824591 1.785241 1.443242 1.630062 7.882947 -1.426694 1.0
57 -1 Car 0 1 2.036590 979.487620 145.128764 1163.289831 236.870186 2.195312 1.895275 5.530314 12.513261 1.534948 19.491501 2.599971 1.0
58 -1 Car 0 0 -1.195670 799.424313 151.527870 938.366580 240.900463 2.000000 1.823255 4.433886 6.673480 1.538063 18.407014 -0.853633 1.0
58 -1 Cyclist 0 0 -1.546656 717.747406 159.631412 806.416450 340.387210 1.739063 0.824591 1.785241 1.624386 1.623969 7.897771 -1.352715 1.0
58 -1 Car 0 1 2.026044 999.087862 143.784230 1189.026727 238.494739 2.195312 1.895275 5.530314 12.746924 1.524078 18.929246 2.611029 1.0
59 -1 Car 0 0 -1.185120 822.187118 151.134297 965.073653 240.980677 2.000000 1.823255 4.433886 7.252927 1.530522 18.289267 -0.813718 1.0
59 -1 Cyclist 0 0 -1.536745 738.010347 157.673069 827.130587 338.572904 1.739063 0.824591 1.785241 1.857756 1.604900 7.899165 -1.315524 1.0
59 -1 Car 0 2 2.014853 1019.866388 142.350355 1216.368323 240.226920 2.195312 1.895275 5.530314 12.980587 1.513208 18.366991 2.622086 1.0
60 -1 Car 0 0 -1.174276 845.156239 150.742486 992.252277 241.047557 2.000000 1.823255 4.433886 7.832373 1.522981 18.171520 -0.773803 1.0
60 -1 Cyclist 0 0 -1.523546 753.761984 157.199240 843.596634 338.970912 1.739063 0.824591 1.785241 2.039147 1.600756 7.871332 -1.280545 1.0
60 -1 Car 0 2 2.003009 1041.931403 140.817941 1241.000000 242.077820 2.195312 1.895275 5.530314 13.214250 1.502338 17.804735 2.633144 1.0
61 -1 Car 0 0 -1.166796 866.184807 150.558461 1016.806133 241.196235 2.000000 1.823255 4.433886 8.359084 1.519604 18.080045 -0.740513 1.0
61 -1 Cyclist 0 0 -1.510261 769.598145 156.725110 860.161033 339.345411 1.739063 0.824591 1.785241 2.220538 1.596612 7.843499 -1.245566 1.0
61 -1 Car 0 3 1.992086 1055.035983 139.774187 1241.000000 244.016201 2.195312 1.895275 5.530314 13.255300 1.500088 17.352013 2.635821 1.0
62 -1 Car 0 0 -1.158975 887.344384 150.377075 1041.719837 241.336234 2.000000 1.823255 4.433886 8.885795 1.516227 17.988571 -0.707223 1.0
62 -1 Cyclist 0 0 -1.496870 785.516835 156.250892 877.739888 339.695706 1.739063 0.824591 1.785241 2.401929 1.592467 7.815666 -1.210587 1.0
62 -1 Car 0 3 1.980740 1068.851592 138.667190 1241.000000 246.072206 2.195312 1.895275 5.530314 13.296350 1.497839 16.899291 2.638498 1.0
63 -1 Car 0 0 -1.150786 908.634643 150.198327 1067.003577 241.467511 2.000000 1.823255 4.433886 9.412506 1.512849 17.897097 -0.673933 1.0
63 -1 Cyclist 0 0 -1.483355 801.516166 155.776802 896.913671 340.021148 1.739063 0.824591 1.785241 2.583320 1.588323 7.787832 -1.175608 1.0
63 -1 Car 0 1 1.968957 1083.437634 137.491023 1241.000000 248.256876 2.195312 1.895275 5.530314 13.337400 1.495589 16.446569 2.641176 1.0
64 -1 Car 0 0 -1.142206 930.055522 150.022205 1092.667632 241.590039 2.000000 1.823255 4.433886 9.939216 1.509472 17.805622 -0.640643 1.0
64 -1 Cyclist 0 0 -1.469696 817.594385 155.303054 916.281812 340.321134 1.739063 0.824591 1.785241 2.764710 1.584178 7.759999 -1.140629 1.0
64 -1 Car 0 1 1.956723 1098.860318 136.238994 1241.000000 250.582680 2.195312 1.895275 5.530314 13.378450 1.493340 15.993847 2.643853 1.0
65 -1 Car 0 0 -1.133216 951.607253 149.848692 1118.722382 241.703815 2.000000 1.823255 4.433886 10.465927 1.506094 17.714148 -0.607353 1.0
65 -1 Cyclist 0 0 -1.468300 836.011330 156.247287 935.079331 339.970611 1.739063 0.824591 1.785241 2.982311 1.591726 7.807655 -1.117154 1.0
65 -1 Car 0 1 1.944023 1115.193669 134.903519 1241.000000 253.063752 2.195312 1.895275 5.530314 13.419501 1.491090 15.541125 2.646530 1.0
66 -1 Car 0 0 -1.131981 971.198382 150.674196 1141.089812 242.648143 2.000000 1.823255 4.433886 10.945658 1.523929 17.664767 -0.585214 1.0
66 -1 Cyclist 0 0 -1.466299 854.127339 157.180218 953.721940 339.612412 1.739063 0.824591 1.785241 3.199912 1.599274 7.855311 -1.093678 1.0
66 -1 Car 0 1 1.931101 1121.709042 134.453568 1241.000000 255.732204 2.195312 1.895275 5.530314 13.303497 1.501353 15.209977 2.639747 1.0
67 -1 Car 0 0 -1.130337 990.826921 151.503288 1163.669504 243.590651 2.000000 1.823255 4.433886 11.425389 1.541763 17.615387 -0.563074 1.0
67 -1 Cyclist 0 0 -1.463700 871.949093 158.101848 972.212417 339.246778 1.739063 0.824591 1.785241 3.417513 1.606822 7.902966 -1.070203 1.0
67 -1 Car 1 1 1.917980 1128.547891 134.335812 1241.000000 257.851339 2.195312 1.895275 5.530314 13.187493 1.511616 14.878829 2.632964 1.0
68 -1 Car 0 1 -1.136285 1007.269808 152.416952 1181.111262 244.488408 2.000000 1.823255 4.433886 11.829076 1.561183 17.604040 -0.552875 1.0
68 -1 Cyclist 0 0 -1.460509 889.483192 159.012186 990.553388 338.873953 1.739063 0.824591 1.785241 3.635114 1.614370 7.950622 -1.046727 1.0
68 -1 Car 1 1 1.904650 1135.734386 134.407321 1241.000000 259.940474 2.195312 1.895275 5.530314 13.071489 1.521879 14.547682 2.626180 1.0
69 -1 Car 0 1 -1.141915 1023.697699 153.330554 1198.613317 245.384924 2.000000 1.823255 4.433886 12.232764 1.580603 17.592693 -0.542676 1.0
69 -1 Cyclist 0 0 -1.456736 906.736163 159.911243 1008.747339 338.494184 1.739063 0.824591 1.785241 3.852715 1.621918 7.998278 -1.023251 1.0
69 -1 Car 1 1 1.891100 1143.295169 134.476086 1241.000000 262.110527 2.195312 1.895275 5.530314 12.955485 1.532142 14.216534 2.619397 1.0
70 -1 Car 0 2 -1.147229 1040.110590 154.244054 1216.176041 246.280169 2.000000 1.823255 4.433886 12.636451 1.600024 17.581346 -0.532476 1.0
70 -1 Cyclist 0 0 -1.467607 919.028751 159.395918 1019.315478 337.011990 1.739063 0.824591 1.785241 3.997807 1.616157 8.036273 -1.021579 1.0
70 -1 Car 1 0 1.877321 1151.259677 134.542034 1241.000000 264.366411 2.195312 1.895275 5.530314 12.839482 1.542405 13.885386 2.612614 1.0
71 -1 Car 0 2 -1.150786 1051.795876 153.460498 1227.934019 245.038559 2.000000 1.823255 4.433886 12.970269 1.580631 17.649378 -0.525472 1.0
71 -1 Cyclist 0 0 -1.478217 931.193328 158.886130 1029.793706 335.545677 1.739063 0.824591 1.785241 4.142899 1.610395 8.074268 -1.019906 1.0
71 -1 Car 1 0 1.861281 1152.144046 134.447239 1241.000000 266.682658 2.195312 1.895275 5.530314 12.641660 1.552614 13.658161 2.596872 1.0
72 -1 Car 0 2 -1.154106 1063.372088 152.684803 1239.620828 243.808811 2.000000 1.823255 4.433886 13.304087 1.561237 17.717411 -0.518468 1.0
72 -1 Cyclist 0 0 -1.488572 943.231880 158.381789 1040.183170 334.094992 1.739063 0.824591 1.785241 4.287990 1.604634 8.112262 -1.018233 1.0
72 -1 Car 1 0 1.845231 1153.099442 134.346844 1241.000000 269.091458 2.195312 1.895275 5.530314 12.443838 1.562823 13.430936 2.581130 1.0
73 -1 Car 0 2 -1.157196 1074.840801 151.916866 1241.000000 242.590773 2.000000 1.823255 4.433886 13.637905 1.541844 17.785443 -0.511464 1.0
73 -1 Cyclist 0 0 -1.498674 955.146347 157.882810 1050.484993 332.659688 1.739063 0.824591 1.785241 4.433082 1.598873 8.150257 -1.016561 1.0
73 -1 Car 1 0 1.829171 1154.129835 134.240546 1241.000000 271.598473 2.195312 1.895275 5.530314 12.246016 1.573032 13.203711 2.565388 1.0
74 -1 Car 0 3 -1.156926 1082.841889 153.592557 1241.000000 243.443555 2.000000 1.823255 4.433886 13.934043 1.574691 17.921069 -0.504460 1.0
74 -1 Cyclist 0 0 -1.508530 966.938637 157.389109 1061.261737 331.239522 1.739063 0.824591 1.785241 4.578174 1.593112 8.188252 -1.014888 1.0
74 -1 Car 1 0 1.813100 1155.239526 134.128011 1241.000000 274.209838 2.195312 1.895275 5.530314 12.048194 1.583241 12.976486 2.549646 1.0
75 -1 Car 0 3 -1.156489 1090.710612 155.238174 1241.000000 244.280562 2.000000 1.823255 4.433886 14.230181 1.607537 18.056696 -0.497456 1.0
75 -1 Cyclist 0 0 -1.510166 967.918669 159.153733 1060.752021 330.130839 1.739063 0.824591 1.785241 4.647763 1.608511 8.309849 -1.016173 1.0
75 -1 Car 1 0 1.797018 1156.433190 134.008875 1241.000000 276.932222 2.195312 1.895275 5.530314 11.850372 1.593450 12.749261 2.533905 1.0
76 -1 Car 0 3 -1.175994 1093.359395 157.151782 1241.000000 244.835918 2.000000 1.823255 4.433886 14.447119 1.645779 18.337329 -0.517003 1.0
76 -1 Cyclist 0 0 -1.511792 968.868913 160.861034 1060.258826 329.058230 1.739063 0.824591 1.785241 4.717352 1.623911 8.431445 -1.017459 1.0
76 -1 Car 1 0 1.780767 1150.635451 135.282103 1241.000000 281.503161 2.195312 1.895275 5.530314 11.566507 1.627589 12.585291 2.511845 1.0
77 -1 Car 0 3 -1.195501 1095.973133 159.008522 1241.000000 245.371493 2.000000 1.823255 4.433886 14.664058 1.684022 18.617962 -0.536549 1.0
77 -1 Cyclist 0 0 -1.513408 969.790711 162.513759 1059.781359 328.019961 1.739063 0.824591 1.785241 4.786940 1.639310 8.553042 -1.018744 1.0
77 -1 Car 1 0 1.764729 1144.676123 136.624580 1241.000000 286.262302 2.195312 1.895275 5.530314 11.282641 1.661727 12.421321 2.489785 1.0
78 -1 Car 0 2 -1.215008 1098.552544 160.810712 1241.000000 245.888066 2.000000 1.823255 4.433886 14.880996 1.722265 18.898595 -0.556095 1.0
78 -1 Cyclist 0 0 -1.515016 970.685324 164.114483 1059.318875 327.014408 1.739063 0.824591 1.785241 4.856529 1.654709 8.674638 -1.020030 1.0
78 -1 Car 1 0 1.748916 1138.544188 138.040135 1241.000000 291.219926 2.195312 1.895275 5.530314 10.998776 1.695865 12.257350 2.467725 1.0
79 -1 Car 0 2 -1.234517 1101.098289 162.560538 1241.000000 246.386374 2.000000 1.823255 4.433886 15.097935 1.760508 19.179228 -0.575641 1.0
79 -1 Cyclist 0 0 -1.516614 971.553940 165.665622 1058.870676 326.040048 1.739063 0.824591 1.785241 4.926118 1.670109 8.796235 -1.021315 1.0
79 -1 Car 1 0 1.733339 1132.227811 139.532890 1241.000000 296.387016 2.195312 1.895275 5.530314 10.714911 1.730003 12.093380 2.445665 1.0
80 -1 Car 0 2 -1.254027 1103.610976 164.260074 1241.000000 246.867115 2.000000 1.823255 4.433886 15.314873 1.798750 19.459861 -0.595187 1.0
80 -1 Cyclist 0 0 -1.517823 965.752570 166.935618 1051.080570 324.152283 1.739063 0.824591 1.785241 4.930001 1.682712 8.954395 -1.029396 1.0
80 -1 Car 0 0 1.718013 1125.714259 141.107291 1241.000000 301.775309 2.195312 1.895275 5.530314 10.431046 1.764141 11.929410 2.423606 1.0
81 -1 Car 0 2 -1.269346 1098.528654 165.793200 1239.076810 246.670850 2.000000 1.823255 4.433886 15.407423 1.833020 19.862595 -0.617364 1.0
81 -1 Cyclist 0 0 -1.519215 960.182351 169.706358 1043.614973 323.892933 1.739063 0.824591 1.785241 4.934069 1.712831 9.112372 -1.037476 1.0
81 -1 Car 0 0 1.701415 1117.640683 139.172441 1241.000000 304.165893 2.195312 1.895275 5.530314 10.113878 1.751625 11.758668 2.398709 1.0
82 -1 Car 0 2 -1.284864 1093.662917 167.263913 1228.131508 246.478762 2.000000 1.823255 4.433886 15.499973 1.867289 20.265330 -0.639541 1.0
82 -1 Cyclist 0 0 -1.520783 954.804789 172.130187 1036.425484 323.399036 1.739063 0.824591 1.785241 4.938108 1.740160 9.270378 -1.045557 1.0
82 -1 Car 0 0 1.685177 1109.277489 137.144228 1241.000000 306.639732 2.195312 1.895275 5.530314 9.796710 1.739109 11.587927 2.373812 1.0
83 -1 Car 0 2 -1.298905 1087.115233 166.434911 1215.623737 243.892289 2.000000 1.823255 4.433886 15.564713 1.843429 20.705246 -0.661718 1.0
83 -1 Cyclist 0 0 -1.522522 949.549896 170.152687 1029.428920 318.592500 1.739063 0.824591 1.785241 4.941612 1.716879 9.428913 -1.053638 1.0
83 -1 Car 0 0 1.669323 1100.602849 135.017059 1241.000000 309.201243 2.195312 1.895275 5.530314 9.479542 1.726593 11.417185 2.348916 1.0
84 -1 Car 0 2 -1.313187 1080.848808 165.642395 1203.649708 241.414519 2.000000 1.823255 4.433886 15.629453 1.819570 21.145163 -0.683895 1.0
84 -1 Cyclist 0 0 -1.524425 944.487598 169.118887 1022.700709 314.836139 1.739063 0.824591 1.785241 4.945226 1.704017 9.587339 -1.061718 1.0
84 -1 Car 0 0 1.653877 1091.593085 132.784954 1241.000000 311.855039 2.195312 1.895275 5.530314 9.162374 1.714077 11.246444 2.324019 1.0
85 -1 Car 0 2 -1.327700 1074.847390 164.884183 1192.174603 239.038876 2.000000 1.823255 4.433886 15.694193 1.795710 21.585079 -0.706072 1.0
85 -1 Cyclist 0 0 -1.529389 936.836465 169.364757 1013.298183 312.350679 1.739063 0.824591 1.785241 4.911032 1.706320 9.752810 -1.076036 1.0
85 -1 Car 0 0 1.638866 1082.222472 130.441522 1241.000000 314.605933 2.195312 1.895275 5.530314 8.845206 1.701561 11.075702 2.299123 1.0
86 -1 Car 0 2 -1.346575 1063.335072 165.343128 1173.717261 237.575579 2.000000 1.823255 4.433886 15.637236 1.803800 22.137284 -0.738413 1.0
86 -1 Cyclist 0 0 -1.534574 929.446249 169.601828 1004.233850 309.953771 1.739063 0.824591 1.785241 4.876837 1.708623 9.918281 -1.090354 1.0
86 -1 Car 0 0 1.620046 1076.944004 128.963697 1241.000000 318.745752 2.195312 1.895275 5.530314 8.554215 1.700514 10.858828 2.273414 1.0
87 -1 Car 0 2 -1.365860 1052.388630 165.780115 1156.186716 236.179681 2.000000 1.823255 4.433886 15.580278 1.811891 22.689488 -0.770755 1.0
87 -1 Cyclist 0 0 -1.539975 922.304305 169.830563 995.489718 307.640768 1.739063 0.824591 1.785241 4.842643 1.710926 10.083752 -1.104671 1.0
87 -1 Car 0 0 1.601577 1071.419964 127.402135 1241.000000 323.117032 2.195312 1.895275 5.530314 8.263224 1.699467 10.641954 2.247706 1.0
88 -1 Car 0 2 -1.385538 1041.970401 166.196679 1139.511878 234.846567 2.000000 1.823255 4.433886 15.523321 1.819981 23.241693 -0.803096 1.0
88 -1 Cyclist 0 0 -1.545584 915.398782 170.051394 987.049041 305.407342 1.739063 0.824591 1.785241 4.808448 1.713229 10.249224 -1.118989 1.0
88 -1 Car 0 0 1.583487 1065.624454 125.749818 1241.000000 327.739159 2.195312 1.895275 5.530314 7.972233 1.698420 10.425080 2.221997 1.0
89 -1 Car 0 2 -1.405596 1032.045855 166.594219 1123.628849 233.572046 2.000000 1.823255 4.433886 15.466364 1.828072 23.793898 -0.835437 1.0
89 -1 Cyclist 0 0 -1.551397 908.718562 170.264724 978.896204 303.249461 1.739063 0.824591 1.785241 4.774254 1.715532 10.414695 -1.133306 1.0
89 -1 Car 0 0 1.565803 1059.528430 123.998956 1241.000000 332.633660 2.195312 1.895275 5.530314 7.681242 1.697373 10.208205 2.196289 1.0
90 -1 Car 0 2 -1.426022 1022.583261 166.974008 1108.480024 232.352300 2.000000 1.823255 4.433886 15.409406 1.836162 24.346102 -0.867779 1.0
90 -1 Cyclist 0 0 -1.546725 901.204419 170.545314 970.038712 301.505436 1.739063 0.824591 1.785241 4.727437 1.718782 10.560597 -1.137263 1.0
90 -1 Car 0 0 1.548560 1053.099224 122.140874 1241.000000 337.824503 2.195312 1.895275 5.530314 7.390251 1.696327 9.991331 2.170580 1.0
91 -1 Car 0 2 -1.445029 1007.987936 167.535280 1088.342543 231.316644 2.000000 1.823255 4.433886 15.174484 1.850411 24.924038 -0.903972 1.0
91 -1 Cyclist 0 0 -1.542219 893.903769 170.817516 961.446389 299.813542 1.739063 0.824591 1.785241 4.680620 1.722033 10.706499 -1.141220 1.0
91 -1 Car 0 0 1.519536 1054.826237 120.056671 1241.000000 343.930170 2.195312 1.895275 5.530314 7.132702 1.694852 9.712975 2.137725 1.0
92 -1 Car 0 2 -1.464468 994.052754 168.071125 1069.142535 230.323601 2.000000 1.823255 4.433886 14.939562 1.864660 25.501973 -0.940165 1.0
92 -1 Cyclist 0 0 -1.537876 886.807681 171.081702 953.107512 298.171477 1.739063 0.824591 1.785241 4.633803 1.725283 10.852401 -1.145176 1.0
92 -1 Car 0 0 1.490754 1048.972093 117.795385 1241.000000 350.559786 2.195312 1.895275 5.530314 6.875154 1.693376 9.434619 2.104871 1.0
93 -1 Car 0 2 -1.484331 980.736953 168.583172 1050.812875 229.370534 2.000000 1.823255 4.433886 14.704640 1.878909 26.079909 -0.976358 1.0
93 -1 Cyclist 0 0 -1.533693 879.907716 171.338220 945.011043 296.577070 1.739063 0.824591 1.785241 4.586986 1.728533 10.998303 -1.149133 1.0
93 -1 Car 0 0 1.462238 1037.410551 115.333497 1241.000000 357.783236 2.195312 1.895275 5.530314 6.617605 1.691901 9.156263 2.072016 1.0
94 -1 Car 0 2 -1.504612 968.002930 169.072916 1033.292781 228.455029 2.000000 1.823255 4.433886 14.469718 1.893158 26.657845 -1.012551 1.0
94 -1 Cyclist 0 0 -1.529665 873.195891 171.587397 937.146571 295.028276 1.739063 0.824591 1.785241 4.540169 1.731784 11.144205 -1.153090 1.0
94 -1 Car 0 0 1.434015 1025.415378 112.643040 1241.000000 365.683708 2.195312 1.895275 5.530314 6.360056 1.690426 8.877906 2.039161 1.0
95 -1 Car 0 0 -1.525302 955.815916 169.541730 1016.527081 227.574872 2.000000 1.823255 4.433886 14.234796 1.907407 27.235780 -1.048744 1.0
95 -1 Cyclist 0 0 -1.516860 866.117020 172.024361 929.635854 293.727860 1.739063 0.824591 1.785241 4.493155 1.737732 11.289426 -1.148114 1.0
95 -1 Car 0 0 1.406114 1012.954107 109.690493 1241.000000 374.000000 2.195312 1.895275 5.530314 6.102507 1.688951 8.599550 2.006307 1.0
96 -1 Car 0 0 -1.535557 941.163412 171.823091 998.784517 228.499606 2.000000 1.823255 4.433886 13.922710 1.986017 27.839630 -1.076699 1.0
96 -1 Cyclist 0 0 -1.504203 859.233946 172.449230 923.268247 292.463296 1.739063 0.824591 1.785241 4.446142 1.743680 11.434646 -1.143139 1.0
96 -1 Car 0 0 1.379783 1005.866406 108.088874 1241.000000 374.000000 2.195312 1.895275 5.530314 5.875351 1.703418 8.250658 1.980888 1.0
97 -1 Car 0 0 -1.546261 927.136595 174.000569 983.060120 229.378477 2.000000 1.823255 4.433886 13.610624 2.064628 28.443480 -1.104655 1.0
97 -1 Cyclist 0 0 -1.491690 852.538727 172.862498 917.047435 291.233121 1.739063 0.824591 1.785241 4.399128 1.749628 11.579866 -1.138163 1.0
97 -1 Car 1 0 1.353375 998.389194 106.248081 1241.000000 374.000000 2.195312 1.895275 5.530314 5.648195 1.717885 7.901766 1.955470 1.0
98 -1 Car 0 0 -1.553980 910.417947 173.760176 964.805288 228.055233 2.000000 1.823255 4.433886 13.140336 2.057342 28.967210 -1.132610 1.0
98 -1 Cyclist 0 0 -1.479319 846.023846 173.264629 910.968348 290.035948 1.739063 0.824591 1.785241 4.352115 1.755577 11.725087 -1.133188 1.0
98 -1 Car 1 0 1.326881 990.483588 104.116461 1241.000000 374.000000 2.195312 1.895275 5.530314 5.421039 1.732352 7.552874 1.930052 1.0
99 -1 Car 0 0 -1.562057 894.291008 173.529444 947.229640 226.779508 2.000000 1.823255 4.433886 12.670048 2.050057 29.490941 -1.160565 1.0
99 -1 Cyclist 0 0 -1.467087 839.682182 173.656068 905.026143 288.870464 1.739063 0.824591 1.785241 4.305102 1.761525 11.870307 -1.128213 1.0
99 -1 Car 1 0 1.300289 982.104896 101.626214 1241.000000 374.000000 2.195312 1.895275 5.530314 5.193883 1.746819 7.203982 1.904633 1.0
100 -1 Car 0 1 -1.570496 878.726892 173.307887 930.296897 225.548883 2.000000 1.823255 4.433886 12.199760 2.042771 30.014672 -1.188521 1.0
100 -1 Cyclist 0 0 -1.457045 835.015903 173.374268 900.845722 287.642462 1.739063 0.824591 1.785241 4.264556 1.757280 11.960378 -1.123425 1.0
100 -1 Car 1 0 1.273585 973.201503 98.686569 1241.000000 374.000000 2.195312 1.895275 5.530314 4.966727 1.761286 6.855090 1.879215 1.0
101 -1 Car 0 2 -1.593693 862.773124 172.823722 913.010153 224.065749 2.000000 1.823255 4.433886 11.657798 2.025293 30.549744 -1.233017 1.0
101 -1 Cyclist 0 0 -1.447061 830.426817 173.097063 896.721659 286.434239 1.739063 0.824591 1.785241 4.224010 1.753034 12.050449 -1.118637 1.0
101 -1 Car 1 0 1.236463 971.254380 92.408283 1241.000000 374.000000 2.195312 1.895275 5.530314 4.804232 1.763068 6.441657 1.854415 1.0
102 -1 Car 0 2 -1.617287 844.871776 172.359099 896.318335 222.631344 2.000000 1.823255 4.433886 11.115835 2.007816 31.084816 -1.277514 1.0
102 -1 Cyclist 0 0 -1.437135 825.913066 172.824345 892.652788 285.245324 1.739063 0.824591 1.785241 4.183464 1.748788 12.140521 -1.113850 1.0
102 -1 Car 1 0 1.197985 969.205398 84.612989 1241.000000 374.000000 2.195312 1.895275 5.530314 4.641737 1.764851 6.028223 1.829616 1.0
103 -1 Car 0 2 -1.641282 827.516039 171.913206 880.191375 221.243729 2.000000 1.823255 4.433886 10.573873 1.990338 31.619888 -1.322010 1.0
103 -1 Cyclist 0 0 -1.427265 821.472853 172.556006 888.637978 284.075260 1.739063 0.824591 1.785241 4.142918 1.744543 12.230592 -1.109062 1.0
103 -1 Car 1 0 1.157919 967.041981 81.686012 1241.000000 374.000000 2.195312 1.895275 5.530314 4.479241 1.766633 5.614790 1.804816 1.0
104 -1 Car 0 2 -1.626175 811.210616 171.473691 861.176795 220.025036 2.000000 1.823255 4.433886 9.950850 1.971754 32.086805 -1.328690 1.0
104 -1 Cyclist 0 0 -1.417450 817.104437 172.291945 884.676125 282.923603 1.739063 0.824591 1.785241 4.102372 1.740297 12.320663 -1.104275 1.0
104 -1 Car 1 0 1.115981 964.748764 82.119239 1241.000000 374.000000 2.195312 1.895275 5.530314 4.316746 1.768416 5.201357 1.780017 1.0
105 -1 Car 0 1 -1.611404 795.339646 171.047867 842.752123 218.844098 2.000000 1.823255 4.433886 9.327827 1.953170 32.553722 -1.335369 1.0
105 -1 Cyclist 0 0 -1.415396 814.032504 172.981635 881.397426 283.022670 1.739063 0.824591 1.785241 4.068226 1.751185 12.381705 -1.106086 1.0
105 -1 Car 1 0 1.071816 962.306787 81.709951 1241.000000 374.000000 2.195312 1.895275 5.530314 4.154251 1.770198 4.787923 1.755217 1.0
106 -1 Car 0 0 -1.628222 778.556026 171.242246 826.755092 218.400798 2.000000 1.823255 4.433886 8.692406 1.961174 32.946593 -1.373104 1.0
106 -1 Cyclist 0 0 -1.413369 810.991618 173.663999 878.149978 283.120653 1.739063 0.824591 1.785241 4.034081 1.762073 12.442747 -1.107898 1.0
106 -1 Car 1 0 1.012934 969.380486 83.302724 1241.000000 374.000000 2.195312 1.895275 5.530314 4.056250 1.770923 4.318044 1.732359 1.0
107 -1 Car 0 0 -1.645305 762.154621 171.432636 811.142621 218.054222 2.000000 1.823255 4.433886 8.056986 1.969177 33.339463 -1.410839 1.0
107 -1 Cyclist 0 0 -1.411370 807.981314 174.339155 874.933333 283.217571 1.739063 0.824591 1.785241 3.999935 1.772961 12.503790 -1.109710 1.0
107 -1 Car 1 0 0.948784 977.571195 84.026360 1241.000000 374.000000 2.195312 1.895275 5.530314 3.958250 1.771648 3.848166 1.709500 1.0
108 -1 Car 0 0 -1.662666 746.121391 171.619153 795.901852 217.711323 2.000000 1.823255 4.433886 7.421565 1.977181 33.732334 -1.448573 1.0
108 -1 Cyclist 0 0 -1.409398 805.001136 175.007214 871.747054 283.313439 1.739063 0.824591 1.785241 3.965789 1.783848 12.564832 -1.111522 1.0
108 -1 Car 1 0 0.878298 987.146334 83.983496 1241.000000 374.000000 2.195312 1.895275 5.530314 3.860250 1.772373 3.378287 1.686641 1.0
109 -1 Car 0 0 -1.680316 730.443080 171.801914 781.020359 217.372028 2.000000 1.823255 4.433886 6.786144 1.985185 34.125205 -1.486308 1.0
109 -1 Cyclist 0 0 -1.407454 802.050638 175.668287 868.590709 283.408275 1.739063 0.824591 1.785241 3.931643 1.794736 12.625874 -1.113333 1.0
109 -1 Car 1 0 0.800170 998.464750 83.224064 1241.000000 374.000000 2.195312 1.895275 5.530314 3.762249 1.773098 2.908408 1.663783 1.0
109 -1 Car 0 0 -1.214970 873.920950 187.130316 982.119251 244.218665 1.507812 1.687051 4.041130 9.645580 1.969339 21.814435 -0.804429 1.0
110 -1 Car 0 0 -1.671783 714.655354 171.862232 763.789517 217.025718 2.000000 1.823255 4.433886 6.061219 1.987643 34.423228 -1.499595 1.0
110 -1 Cyclist 0 0 -1.439326 797.967611 175.189864 860.989777 282.508129 1.739063 0.824591 1.785241 3.843106 1.787559 12.671761 -1.152452 1.0
110 -1 Car 1 0 0.712833 1012.019480 83.937340 1241.000000 374.000000 2.195312 1.895275 5.530314 3.664249 1.773823 2.438529 1.640924 1.0
110 -1 Car 0 0 -1.224466 863.383830 186.542931 971.945745 244.780494 1.507812 1.687051 4.041130 9.162753 1.943332 21.409208 -0.825836 1.0
111 -1 Car 0 0 -1.663460 699.117094 171.921543 746.880836 216.684974 2.000000 1.823255 4.433886 5.336294 1.990102 34.721251 -1.512881 1.0
111 -1 Cyclist 0 0 -1.471218 793.948267 174.715900 853.431399 281.602034 1.739063 0.824591 1.785241 3.754569 1.780381 12.717649 -1.191570 1.0
111 -1 Car 1 0 0.603614 1040.243001 81.206492 1241.000000 374.000000 2.195312 1.895275 5.530314 3.620682 1.769254 1.937674 1.620291 1.0
111 -1 Car 0 0 -1.233380 852.403904 185.936597 961.413222 245.363981 1.507812 1.687051 4.041130 8.679926 1.917325 21.003980 -0.847243 1.0
112 -1 Car 0 0 -1.655361 683.822120 171.979873 730.285736 216.349663 2.000000 1.823255 4.433886 4.611369 1.992560 35.019274 -1.526167 1.0
112 -1 Cyclist 0 0 -1.503132 789.990302 174.246560 845.916088 280.690463 1.739063 0.824591 1.785241 3.666032 1.773204 12.763536 -1.230689 1.0
112 -1 Car 2 0 0.480958 1075.513780 78.352973 1241.000000 374.000000 2.195312 1.895275 5.530314 3.577114 1.764685 1.436819 1.599657 1.0
112 -1 Car 0 0 -1.241673 840.951001 185.310324 950.503592 245.970495 1.507812 1.687051 4.041130 8.197099 1.891318 20.598752 -0.868650 1.0
113 -1 Car 0 0 -1.647504 668.764462 172.037249 713.995934 216.019656 2.000000 1.823255 4.433886 3.886444 1.995019 35.317297 -1.539454 1.0
113 -1 Cyclist 0 0 -1.535067 786.091377 173.782001 839.125144 279.773904 1.739063 0.824591 1.785241 3.577495 1.766026 12.809424 -1.269807 1.0
113 -1 Car 2 0 0.344200 1120.802820 75.352748 1241.000000 374.000000 2.195312 1.895275 5.530314 3.533546 1.760115 0.935964 1.579024 1.0
113 -1 Car 0 1 0.667215 0.000000 175.332718 251.622402 278.824334 1.523438 1.697113 4.518535 -8.507631 1.593847 11.655923 0.047361 1.0
113 -1 Car 0 0 -1.253046 832.291545 184.754725 942.176599 246.709357 1.507812 1.687051 4.041130 7.801927 1.868010 20.193475 -0.890057 1.0
114 -1 Car 0 0 -1.639903 653.938348 172.093696 698.003425 215.694826 2.000000 1.823255 4.433886 3.161519 1.997477 35.615320 -1.552740 1.0
114 -1 Cyclist 0 0 -1.567024 782.249116 173.322370 835.061496 278.852859 1.739063 0.824591 1.785241 3.488957 1.758849 12.855312 -1.308926 1.0
114 -1 Car 2 0 0.193977 1181.020944 72.167203 1241.000000 374.000000 2.195312 1.895275 5.530314 3.489979 1.755546 0.435109 1.558391 1.0
114 -1 Car 0 1 0.671941 0.000000 175.050872 237.296742 285.963695 1.523438 1.697113 4.518535 -8.382176 1.587298 10.920564 0.028883 1.0
114 -1 Car 0 0 -1.263931 823.247492 184.180181 933.536189 247.479467 1.507812 1.687051 4.041130 7.406756 1.844702 19.788199 -0.911464 1.0
115 -1 Car 0 0 -1.632570 639.338195 172.149238 682.300476 215.375052 2.000000 1.823255 4.433886 2.436594 1.999936 35.913343 -1.566026 1.0
115 -1 Cyclist 0 0 -1.587836 773.617869 174.073146 825.967979 278.940820 1.739063 0.824591 1.785241 3.329392 1.771643 12.924461 -1.342369 1.0
115 -1 Car 0 1 0.678976 0.000000 174.727899 221.107551 294.052748 1.523438 1.697113 4.518535 -8.256721 1.580750 10.185206 0.010405 1.0
115 -1 Car 0 0 -1.273630 815.555169 184.805206 926.916975 249.995292 1.507812 1.687051 4.041130 7.041350 1.854915 19.312490 -0.929746 1.0
116 -1 Car 0 0 -1.625519 624.958603 172.203899 666.879612 215.060216 2.000000 1.823255 4.433886 1.711669 2.002394 36.211366 -1.579313 1.0
116 -1 Cyclist 0 0 -1.608700 763.472815 174.815187 816.956272 279.019003 1.739063 0.824591 1.785241 3.169826 1.784437 12.993609 -1.375812 1.0
116 -1 Car 1 0 0.688643 0.000000 174.353919 202.677739 303.296109 1.523438 1.697113 4.518535 -8.131265 1.574201 9.449847 -0.008072 1.0
116 -1 Car 0 0 -1.282844 807.440914 185.458126 919.988691 252.654286 1.507812 1.687051 4.041130 6.675945 1.865128 18.836781 -0.948028 1.0
117 -1 Car 0 0 -1.618759 610.794349 172.257701 651.733605 214.750206 2.000000 1.823255 4.433886 0.986744 2.004853 36.509389 -1.592599 1.0
117 -1 Cyclist 0 0 -1.629621 752.962953 175.548481 808.025227 279.087660 1.739063 0.824591 1.785241 3.010260 1.797231 13.062758 -1.409255 1.0
117 -1 Car 1 0 0.701319 0.000000 173.915607 181.521077 313.961308 1.523438 1.697113 4.518535 -8.005810 1.567653 8.714489 -0.026550 1.0
117 -1 Car 0 0 -1.291533 798.867300 186.140870 912.730433 255.468933 1.507812 1.687051 4.041130 6.310539 1.875342 18.361072 -0.966311 1.0
117 -1 Car 0 2 -1.849068 733.415259 186.048922 819.975391 238.560649 1.460938 1.583189 3.934669 5.096025 1.899656 22.712512 -1.631951 1.0
118 -1 Car 0 0 -1.625133 595.280194 172.299709 636.510473 214.576056 2.000000 1.823255 4.433886 0.210804 2.007036 36.697671 -1.620078 1.0
118 -1 Cyclist 0 0 -1.650601 742.568964 176.273019 799.173696 279.147051 1.739063 0.824591 1.785241 2.850695 1.810026 13.131907 -1.442698 1.0
118 -1 Car 1 0 0.717442 0.000000 173.394553 156.999607 326.405006 1.523438 1.697113 4.518535 -7.880355 1.561104 7.979130 -0.045027 1.0
118 -1 Car 0 0 -1.299653 789.792409 186.855545 905.119315 258.453215 1.507812 1.687051 4.041130 5.945134 1.885555 17.885363 -0.984593 1.0
118 -1 Car 0 2 -1.855028 723.038042 186.266361 812.047639 240.175092 1.460938 1.583189 3.934669 4.692560 1.897226 22.196363 -1.650218 1.0
119 -1 Car 0 0 -1.631717 579.907008 172.341744 621.459606 214.401761 2.000000 1.823255 4.433886 -0.565137 2.009219 36.885953 -1.647557 1.0
119 -1 Cyclist 0 0 -1.671645 732.288751 176.988801 790.400525 279.197444 1.739063 0.824591 1.785241 2.691129 1.822820 13.201056 -1.476141 1.0
119 -1 Car 1 0 0.736945 0.000000 173.773990 127.762250 341.240976 1.523438 1.697113 4.518535 -7.783558 1.563773 7.278088 -0.063649 1.0
119 -1 Car 0 0 -1.307154 780.169129 187.604468 897.130224 261.622839 1.507812 1.687051 4.041130 5.579728 1.895768 17.409654 -1.002875 1.0
119 -1 Car 0 2 -1.860341 712.204008 186.493281 803.702466 241.874123 1.460938 1.583189 3.934669 4.289095 1.894795 21.680213 -1.668485 1.0
120 -1 Car 0 0 -1.638525 564.671993 172.383805 606.578985 214.227345 2.000000 1.823255 4.433886 -1.341077 2.011402 37.074234 -1.675037 1.0
120 -1 Cyclist 0 0 -1.688959 715.266090 176.587805 774.396297 278.308601 1.739063 0.824591 1.785241 2.400394 1.816620 13.263856 -1.515058 1.0
120 -1 Car 2 0 0.760568 0.000000 174.670596 93.359460 348.593983 1.523438 1.697113 4.518535 -7.686761 1.566442 6.577045 -0.082270 1.0
120 -1 Car 0 0 -1.317722 772.847692 187.513285 891.278305 263.989382 1.507812 1.687051 4.041130 5.273482 1.883524 16.919287 -1.021501 1.0
120 -1 Car 0 2 -1.864962 700.880860 186.730317 794.907976 243.664551 1.460938 1.583189 3.934669 3.885630 1.892364 21.164064 -1.686752 1.0
120 -1 Car 0 1 -1.787982 657.556842 181.936063 721.097946 226.374997 1.596000 1.698089 3.562650 2.985247 1.961234 28.126936 -1.684104 1.0
121 -1 Car 0 0 -1.645570 549.572451 172.425890 591.866568 214.052830 2.000000 1.823255 4.433886 -2.117017 2.013586 37.262516 -1.702516 1.0
121 -1 Cyclist 0 0 -1.706309 698.397872 176.192521 758.539879 277.532137 1.739063 0.824591 1.785241 2.109658 1.810421 13.326655 -1.553975 1.0
121 -1 Car 0 0 -1.327773 765.044311 187.417851 885.106829 266.516273 1.507812 1.687051 4.041130 4.967236 1.871280 16.428920 -1.040127 1.0
121 -1 Car 0 2 -1.868837 689.033166 186.978162 785.628981 245.553940 1.460938 1.583189 3.934669 3.482166 1.889933 20.647915 -1.705019 1.0
121 -1 Car 0 1 1.698914 414.115617 180.307435 484.830610 232.605500 1.500000 1.675028 4.026695 -5.058704 1.748989 23.013090 1.484354 1.0
121 -1 Car 0 1 -1.790308 645.314038 181.518993 710.209639 226.856302 1.596000 1.698089 3.562650 2.481103 1.936886 27.572519 -1.702287 1.0
122 -1 Car 0 0 -1.652866 534.605795 172.467997 577.320299 213.878242 2.000000 1.823255 4.433886 -2.892958 2.015769 37.450798 -1.729995 1.0
122 -1 Cyclist 0 0 -1.723716 681.680222 175.802998 742.830938 276.750591 1.739063 0.824591 1.785241 1.818923 1.804221 13.389455 -1.592892 1.0
122 -1 Car 0 0 -1.337259 756.707389 187.317819 878.590476 269.220433 1.507812 1.687051 4.041130 4.660990 1.859036 15.938552 -1.058753 1.0
122 -1 Car 0 2 -1.871910 676.621958 187.237574 775.826559 247.550711 1.460938 1.583189 3.934669 3.078701 1.887502 20.131766 -1.723286 1.0
122 -1 Car 0 1 1.703200 395.038028 180.648635 468.805998 234.666004 1.500000 1.675028 4.026695 -5.452760 1.752278 22.359097 1.466140 1.0
122 -1 Car 0 1 -1.791943 632.590707 181.022925 698.850239 227.358056 1.596000 1.698089 3.562650 1.976960 1.912539 27.018102 -1.720470 1.0
123 -1 Car 0 0 -1.660424 519.769520 172.510124 562.938088 213.703606 2.000000 1.823255 4.433886 -3.668898 2.017952 37.639080 -1.757474 1.0
123 -1 Cyclist 0 0 -1.741197 665.109458 175.419277 727.269022 275.964118 1.739063 0.824591 1.785241 1.528187 1.798022 13.452254 -1.631809 1.0
123 -1 Car 0 0 -1.346122 747.777792 187.212809 871.701107 272.121252 1.507812 1.687051 4.041130 4.354745 1.846793 15.448185 -1.077379 1.0
123 -1 Car 0 2 -1.876755 665.793794 186.760508 768.183292 248.844589 1.460938 1.583189 3.934669 2.736864 1.861971 19.585411 -1.740930 1.0
123 -1 Car 0 1 1.708560 374.681924 181.011813 451.905936 236.864349 1.500000 1.675028 4.026695 -5.846816 1.755566 21.705104 1.447925 1.0
123 -1 Car 0 1 -1.792850 619.356894 180.489049 686.989828 227.881630 1.596000 1.698089 3.562650 1.472817 1.888191 26.463685 -1.738654 1.0
124 -1 Car 0 0 -1.652862 504.592739 172.556715 547.102858 213.640656 2.000000 1.823255 4.433886 -4.487671 2.020306 37.734433 -1.770955 1.0
124 -1 Cyclist 0 0 -1.758773 648.682082 175.041388 711.853539 275.172897 1.739063 0.824591 1.785241 1.237452 1.791822 13.515054 -1.670726 1.0
124 -1 Car 0 0 -1.354299 738.187413 187.102394 864.407353 275.241055 1.507812 1.687051 4.041130 4.048499 1.834549 14.957818 -1.096005 1.0
124 -1 Car 0 1 -1.880827 654.391035 186.259380 760.053796 250.220360 1.460938 1.583189 3.934669 2.395028 1.836440 19.039056 -1.758574 1.0
124 -1 Car 0 1 1.715519 352.341220 181.422852 433.814397 239.436744 1.500000 1.675028 4.026695 -6.232901 1.758719 20.986494 1.429711 1.0
124 -1 Car 0 1 -1.792992 605.580097 179.931867 674.595919 228.428520 1.596000 1.698089 3.562650 0.968673 1.863843 25.909268 -1.756837 1.0
124 -1 Car 0 2 -1.794737 577.652915 180.493082 637.740814 218.998489 1.524000 1.728591 3.894227 -0.202809 1.865769 30.982161 -1.801912 1.0
125 -1 Car 0 0 -1.645509 489.478364 172.603142 531.363477 213.577604 2.000000 1.823255 4.433886 -5.306443 2.022661 37.829787 -1.784435 1.0
125 -1 Cyclist 0 0 -1.759161 630.199835 174.765748 693.161176 274.883109 1.739063 0.824591 1.785241 0.890260 1.787120 13.523073 -1.696148 1.0
125 -1 Car 0 0 -1.361359 730.896947 186.330124 860.340586 278.114595 1.507812 1.687051 4.041130 3.797119 1.806937 14.419563 -1.109985 1.0
125 -1 Car 0 1 -1.884060 642.364931 185.732252 751.392617 251.686151 1.460938 1.583189 3.934669 2.053191 1.810909 18.492702 -1.776217 1.0
125 -1 Car 0 1 1.723831 328.225633 181.821431 414.566357 242.213301 1.500000 1.675028 4.026695 -6.618987 1.761872 20.267884 1.411496 1.0
125 -1 Car 0 1 -1.792327 591.224979 179.349852 661.633169 229.000360 1.596000 1.698089 3.562650 0.464530 1.839496 25.354851 -1.775021 1.0
125 -1 Car 0 2 -1.795268 566.200932 180.634046 627.673710 220.070483 1.524000 1.728591 3.894227 -0.653934 1.864488 30.306336 -1.817339 1.0
126 -1 Car 0 0 -1.638380 474.425719 172.649406 515.719407 213.514453 2.000000 1.823255 4.433886 -6.125216 2.025015 37.925141 -1.797915 1.0
126 -1 Cyclist 0 0 -1.759498 611.721840 174.491469 674.508669 274.588681 1.739063 0.824591 1.785241 0.543067 1.782419 13.531092 -1.721570 1.0
126 -1 Car 0 0 -1.367865 722.964630 185.506314 855.990091 281.249983 1.507812 1.687051 4.041130 3.545739 1.779326 13.881308 -1.123965 1.0
126 -1 Car 0 1 -1.886380 629.661031 185.176971 742.148507 253.251201 1.460938 1.583189 3.934669 1.711354 1.785379 17.946347 -1.793861 1.0
126 -1 Car 0 1 1.732232 303.600220 182.214930 394.885056 244.888353 1.500000 1.675028 4.026695 -7.005057 1.765480 19.633874 1.393282 1.0
126 -1 Car 0 2 1.700939 340.693518 177.101289 410.676627 234.429463 1.773438 1.711916 4.314977 -7.982484 1.941643 24.798426 1.392126 1.0
126 -1 Car 0 1 -1.789179 579.925737 179.055387 651.777743 230.048879 1.596000 1.698089 3.562650 0.086422 1.824659 24.739589 -1.786541 1.0
126 -1 Car 0 2 -1.795138 554.246335 180.781696 617.126485 221.194805 1.524000 1.728591 3.894227 -1.105058 1.863208 29.630512 -1.832766 1.0
126 -1 Car 0 2 -1.746292 534.679031 183.598536 578.607630 214.005758 1.365956 1.508586 3.485915 -2.653718 1.896564 34.831527 -1.822336 1.0
127 -1 Car 0 0 -1.631487 459.434146 172.695508 500.170107 213.451207 2.000000 1.823255 4.433886 -6.943989 2.027370 38.020494 -1.811396 1.0
127 -1 Cyclist 0 0 -1.759816 593.246715 174.218581 655.897445 274.289629 1.739063 0.824591 1.785241 0.195875 1.777717 13.539111 -1.746992 1.0
127 -1 Car 0 0 -1.373749 714.299788 184.625548 851.326303 284.684880 1.507812 1.687051 4.041130 3.294360 1.751714 13.343053 -1.137945 1.0
127 -1 Car 0 1 -1.887705 616.218325 184.591140 732.263455 254.926061 1.460938 1.583189 3.934669 1.369518 1.759848 17.399992 -1.811505 1.0
127 -1 Car 0 1 1.751842 275.615363 184.166450 374.832421 250.272099 1.500000 1.675028 4.026695 -7.338655 1.811952 18.851262 1.384846 1.0
127 -1 Car 0 2 1.696940 321.670111 177.949352 393.709911 237.107697 1.773438 1.711916 4.314977 -8.358699 1.964094 24.114420 1.366175 1.0
127 -1 Car 0 2 -1.785291 568.077237 178.745318 641.391953 231.155412 1.596000 1.698089 3.562650 -0.291686 1.809822 24.124327 -1.798062 1.0
127 -1 Car 0 2 -1.794307 541.754514 180.936505 606.064888 222.375373 1.524000 1.728591 3.894227 -1.556183 1.861927 28.954687 -1.848192 1.0
127 -1 Car 0 2 -1.735399 523.601554 183.334999 567.713697 214.348230 1.365956 1.508586 3.485915 -3.124155 1.873219 34.153126 -1.826487 1.0
128 -1 Car 0 0 -1.624845 444.502995 172.741447 484.715031 213.387870 2.000000 1.823255 4.433886 -7.762761 2.029724 38.115848 -1.824876 1.0
128 -1 Cyclist 0 0 -1.760146 574.773114 173.947115 637.328879 273.985978 1.739063 0.824591 1.785241 -0.151318 1.773016 13.547130 -1.772414 1.0
128 -1 Car 0 0 -1.387459 712.374196 183.679578 852.205447 288.354092 1.507812 1.687051 4.041130 3.163470 1.724226 12.815722 -1.151925 1.0
128 -1 Car 0 1 -1.890098 612.333747 185.067739 732.851428 258.357130 1.460938 1.583189 3.934669 1.273391 1.762642 16.809908 -1.816865 1.0
128 -1 Car 0 1 1.764641 253.596217 186.217196 359.534663 255.639984 1.500000 1.675028 4.026695 -7.534025 1.859040 18.179217 1.376409 1.0
128 -1 Car 0 2 1.693851 301.428062 178.849104 375.834289 239.957668 1.773438 1.711916 4.314977 -8.734915 1.986545 23.430415 1.340225 1.0
128 -1 Car 0 2 -1.780612 555.637878 178.418376 630.432500 232.324921 1.596000 1.698089 3.562650 -0.669794 1.794985 23.509066 -1.809583 1.0
128 -1 Car 0 2 -1.792738 528.687595 181.098998 594.451343 223.616510 1.524000 1.728591 3.894227 -2.007307 1.860647 28.278863 -1.863619 1.0
128 -1 Car 0 2 -1.723945 512.091710 183.061374 556.360558 214.705396 1.365956 1.508586 3.485915 -3.594592 1.849874 33.474725 -1.830638 1.0
129 -1 Car 0 0 -1.612891 438.058010 172.818655 477.168328 213.287541 2.000000 1.823255 4.433886 -8.164352 2.033578 38.273813 -1.822111 1.0
129 -1 Cyclist 0 0 -1.760521 556.299718 173.677100 618.804279 273.677753 1.739063 0.824591 1.785241 -0.498510 1.768314 13.555149 -1.797835 1.0
129 -1 Car 0 0 -1.401145 710.270331 182.664764 853.137770 292.402326 1.507812 1.687051 4.041130 3.032580 1.696738 12.288390 -1.165905 1.0
129 -1 Car 0 1 -1.892277 608.192270 185.574944 733.484470 262.075381 1.460938 1.583189 3.934669 1.177264 1.765436 16.219823 -1.822225 1.0
129 -1 Car 0 1 1.778638 229.647902 188.407397 343.193163 261.479099 1.500000 1.675028 4.026695 -7.729395 1.906128 17.507171 1.367973 1.0
129 -1 Car 0 2 1.646371 288.111585 181.992607 358.603504 245.222405 1.773438 1.711916 4.314977 -8.969900 2.073401 22.758297 1.274407 1.0
129 -1 Car 0 2 -1.784830 549.304077 179.593299 626.433286 235.025799 1.596000 1.698089 3.562650 -0.822440 1.825543 22.927458 -1.821104 1.0
129 -1 Car 0 2 -1.797054 522.550562 182.033039 589.990591 225.454209 1.524000 1.728591 3.894227 -2.176977 1.888670 27.747982 -1.875296 1.0
129 -1 Car 0 2 -1.720550 506.285305 184.490159 551.163639 216.924088 1.365956 1.508586 3.485915 -3.782531 1.910069 32.869018 -1.834788 1.0
130 -1 Car 0 0 -1.601047 431.664850 172.895218 469.685126 213.188078 2.000000 1.823255 4.433886 -8.565944 2.037432 38.431778 -1.819345 1.0
130 -1 Cyclist 0 0 -1.749528 544.299278 174.645473 605.882151 274.704918 1.739063 0.824591 1.785241 -0.731944 1.785500 13.550526 -1.803696 1.0
130 -1 Car 0 0 -1.409774 713.745830 182.490351 862.614614 299.383394 1.507812 1.687051 4.041130 2.994795 1.685065 11.664496 -1.165695 1.0
130 -1 Car 0 1 -1.894218 603.767361 186.115806 734.168225 266.118440 1.460938 1.583189 3.934669 1.081137 1.768231 15.629738 -1.827584 1.0
130 -1 Car 0 1 1.787584 210.068524 190.657178 330.621848 267.598768 1.500000 1.675028 4.026695 -7.805040 1.951351 16.860550 1.359537 1.0
130 -1 Car 0 2 1.708025 270.251239 186.425634 352.113171 252.516791 1.773438 1.711916 4.314977 -9.085409 2.213043 22.150763 1.322470 1.0
130 -1 Car 0 1 -1.788678 542.658408 180.832155 622.210551 237.881077 1.596000 1.698089 3.562650 -0.975086 1.856101 22.345850 -1.832625 1.0
130 -1 Car 0 2 -1.801094 516.184562 182.989854 585.345588 227.369527 1.524000 1.728591 3.894227 -2.346646 1.916692 27.217102 -1.886973 1.0
130 -1 Car 2 2 1.614619 304.790953 190.206701 355.917841 233.759676 1.444000 1.595116 3.791789 -10.413430 2.122375 26.952817 1.248783 1.0
130 -1 Car 0 2 -1.716888 500.269224 185.969521 545.763447 219.231361 1.365956 1.508586 3.485915 -3.970471 1.970264 32.263311 -1.838939 1.0
131 -1 Car 0 0 -1.589312 424.918199 172.971143 462.264635 213.089472 2.000000 1.823255 4.433886 -8.967535 2.041286 38.589743 -1.816579 1.0
131 -1 Cyclist 0 0 -1.738554 532.286072 175.614032 592.956699 275.732772 1.739063 0.824591 1.785241 -0.965378 1.802686 13.545903 -1.809556 1.0
131 -1 Car 0 0 -1.419332 717.675906 182.298633 873.032892 307.348292 1.507812 1.687051 4.041130 2.957010 1.673391 11.040601 -1.165486 1.0
131 -1 Car 0 1 -1.895895 599.028699 186.693793 734.909322 270.530802 1.460938 1.583189 3.934669 0.985010 1.771025 15.039653 -1.832944 1.0
131 -1 Car 0 1 1.797586 188.687897 193.064537 317.166382 274.282904 1.500000 1.675028 4.026695 -7.880686 1.996574 16.213928 1.351100 1.0
131 -1 Car 0 2 1.711740 257.421625 186.588189 342.693492 254.827517 1.773438 1.711916 4.314977 -9.157546 2.206648 21.535302 1.313593 1.0
131 -1 Car 0 2 -1.785184 541.470239 181.326418 622.892660 240.117924 1.596000 1.698089 3.562650 -0.962247 1.863274 21.743826 -1.829748 1.0
131 -1 Car 0 2 -1.804844 509.576219 183.884275 580.505064 229.367454 1.524000 1.728591 3.894227 -2.516316 1.944715 26.686222 -1.898650 1.0
131 -1 Car 2 2 1.647098 294.919115 190.444515 350.956958 235.138587 1.444000 1.595116 3.791789 -10.444050 2.117685 26.349305 1.272724 1.0
131 -1 Car 0 2 -1.712946 494.031869 187.502199 540.147856 221.632622 1.365956 1.508586 3.485915 -4.158410 2.030459 31.657605 -1.843090 1.0
132 -1 Car 0 0 -1.584239 423.028963 172.928279 460.155685 212.780537 2.000000 1.823255 4.433886 -9.118553 2.039116 38.831254 -1.813814 1.0
132 -1 Cyclist 0 0 -1.732705 523.864732 176.483440 583.990447 276.525534 1.739063 0.824591 1.785241 -1.129240 1.818196 13.558219 -1.815417 1.0
132 -1 Car 0 0 -1.429969 722.155981 182.086901 884.540220 316.520757 1.507812 1.687051 4.041130 2.919225 1.661718 10.416706 -1.165277 1.0
132 -1 Car 0 0 -1.897275 593.941478 187.312867 735.715601 275.365482 1.460938 1.583189 3.934669 0.888883 1.773820 14.449569 -1.838304 1.0
132 -1 Car 0 1 1.815683 171.869415 196.219158 309.369533 281.843350 1.500000 1.675028 4.026695 -7.854878 2.058684 15.647967 1.356748 1.0
132 -1 Car 0 2 1.716042 243.745414 186.759372 332.773900 257.290912 1.773438 1.711916 4.314977 -9.229682 2.200252 20.919840 1.304716 1.0
132 -1 Car 0 2 -1.781655 540.219647 181.851152 623.616453 242.494703 1.596000 1.698089 3.562650 -0.949408 1.870447 21.141801 -1.826871 1.0
132 -1 Car 0 2 -1.792783 511.891433 183.332657 583.517995 230.014445 1.524000 1.728591 3.894227 -2.361827 1.913223 26.012204 -1.883140 1.0
132 -1 Car 2 2 1.679912 284.568244 190.693194 345.764860 236.584383 1.444000 1.595116 3.791789 -10.474670 2.112995 25.745794 1.296665 1.0
132 -1 Car 0 2 -1.716206 492.899571 187.953213 540.073577 222.771689 1.365956 1.508586 3.485915 -4.115970 2.040032 31.116158 -1.847240 1.0
133 -1 Car 0 0 -1.579287 418.959034 172.927611 456.070559 212.713464 2.000000 1.823255 4.433886 -9.340582 2.039088 38.892100 -1.813886 1.0
133 -1 Cyclist 0 0 -1.726899 515.454513 177.350710 575.045349 277.316626 1.739063 0.824591 1.785241 -1.293103 1.833706 13.570535 -1.821277 1.0
133 -1 Car 0 0 -1.448312 733.655394 181.694008 901.637717 326.545442 1.507812 1.687051 4.041130 2.958094 1.647834 9.814724 -1.165068 1.0
133 -1 Car 0 0 -1.895760 596.465573 186.053718 744.913555 278.472844 1.460938 1.583189 3.934669 0.943184 1.733345 13.809178 -1.830244 1.0
133 -1 Car 0 1 1.834528 153.590473 199.581738 301.056688 290.061924 1.500000 1.675028 4.026695 -7.829071 2.120795 15.082007 1.362396 1.0
133 -1 Car 0 2 1.732915 232.723162 188.752693 327.402055 262.082393 1.773438 1.711916 4.314977 -9.192276 2.251796 20.336583 1.312776 1.0
133 -1 Car 0 2 -1.778088 538.901551 182.402688 624.385910 245.024968 1.596000 1.698089 3.562650 -0.936568 1.877620 20.539777 -1.823994 1.0
133 -1 Car 0 2 -1.780905 514.326361 182.753900 586.697697 230.697687 1.524000 1.728591 3.894227 -2.207339 1.881731 25.338187 -1.867631 1.0
133 -1 Car 2 2 1.670112 278.745289 190.904579 340.501679 238.021532 1.444000 1.595116 3.791789 -10.420711 2.105750 25.142289 1.280482 1.0
133 -1 Car 0 2 -1.719436 491.729046 188.419246 539.996108 223.953778 1.365956 1.508586 3.485915 -4.073530 2.049605 30.574712 -1.851391 1.0
134 -1 Car 0 0 -1.583558 422.496059 172.043109 459.342794 211.573815 2.000000 1.823255 4.433886 -9.220050 1.993499 39.117550 -1.813958 1.0
134 -1 Cyclist 0 0 -1.721140 507.055359 178.215845 566.121375 278.106045 1.739063 0.824591 1.785241 -1.456965 1.849215 13.582851 -1.827138 1.0
134 -1 Car 0 0 -1.468768 746.949942 181.257106 921.067423 338.287889 1.507812 1.687051 4.041130 2.996962 1.633949 9.212741 -1.164858 1.0
134 -1 Car 0 0 -1.894861 599.207132 184.688800 755.149151 281.937344 1.460938 1.583189 3.934669 0.997486 1.692869 13.168787 -1.822184 1.0
134 -1 Car 0 1 1.848943 139.532122 197.944933 296.360259 291.832339 1.500000 1.675028 4.026695 -7.715352 2.062768 14.536140 1.368044 1.0
134 -1 Car 0 2 1.744633 226.641501 187.636141 326.085298 262.982879 1.773438 1.711916 4.314977 -9.035030 2.205625 19.786217 1.320836 1.0
134 -1 Car 0 1 -1.779793 541.068981 180.204161 629.445955 244.925996 1.596000 1.698089 3.562650 -0.815982 1.813034 19.918347 -1.821117 1.0
134 -1 Car 0 2 -1.769226 516.889827 182.072728 590.059313 231.420365 1.524000 1.728591 3.894227 -2.052851 1.850238 24.664169 -1.852121 1.0
134 -1 Car 2 2 1.660587 272.617960 191.125726 334.994004 239.534867 1.444000 1.595116 3.791789 -10.366752 2.098504 24.538784 1.264298 1.0
134 -1 Car 0 2 -1.722633 490.518304 188.901061 539.915267 225.181370 1.365956 1.508586 3.485915 -4.031091 2.059178 30.033266 -1.855542 1.0
135 -1 Car 0 0 -1.587789 425.989979 171.169266 462.575574 210.448062 2.000000 1.823255 4.433886 -9.099519 1.947909 39.343001 -1.814029 1.0
135 -1 Cyclist 0 0 -1.706419 505.736781 176.236030 563.606494 276.246470 1.739063 0.824591 1.785241 -1.490540 1.813816 13.561603 -1.814950 1.0
135 -1 Car 0 0 -1.487144 766.873724 180.282190 960.900393 353.246892 1.507812 1.687051 4.041130 3.087093 1.612753 8.546018 -1.152671 1.0
135 -1 Car 0 0 -1.900402 606.026094 183.057113 771.366555 285.427106 1.460938 1.583189 3.934669 1.127434 1.649685 12.547841 -1.814124 1.0
135 -1 Car 0 1 1.863939 124.189882 196.197064 291.342699 293.764444 1.500000 1.675028 4.026695 -7.601633 2.004741 13.990272 1.373692 1.0
135 -1 Car 0 2 1.755448 221.200311 185.810542 325.598126 263.195576 1.773438 1.711916 4.314977 -8.843669 2.139648 19.217414 1.328896 1.0
135 -1 Car 0 1 -1.781790 543.365265 177.844173 634.861329 244.819890 1.596000 1.698089 3.562650 -0.695396 1.748448 19.296917 -1.818240 1.0
135 -1 Car 0 2 -1.757762 519.591566 181.344552 593.619859 232.186047 1.524000 1.728591 3.894227 -1.898363 1.818746 23.990151 -1.836612 1.0
135 -1 Car 2 2 1.660264 273.810128 191.277407 337.379120 240.794044 1.444000 1.595116 3.791789 -10.097880 2.091627 24.048968 1.266217 1.0
135 -1 Car 0 2 -1.719131 496.611178 185.855709 546.760514 222.566022 1.365956 1.508586 3.485915 -3.685314 1.913117 29.395300 -1.843363 1.0
136 -1 Car 0 0 -1.591982 429.441578 170.305890 465.769609 209.335953 2.000000 1.823255 4.433886 -8.978987 1.902320 39.568451 -1.814101 1.0
136 -1 Cyclist 0 0 -1.691692 504.419453 174.247404 561.075530 274.380169 1.739063 0.824591 1.785241 -1.524115 1.778417 13.540356 -1.802762 1.0
136 -1 Car 0 0 -1.509707 790.840459 179.164870 1010.034124 371.696035 1.507812 1.687051 4.041130 3.177224 1.591556 7.879294 -1.140483 1.0
136 -1 Car 0 0 -1.907289 613.458627 180.928325 789.582659 289.354500 1.460938 1.583189 3.934669 1.257383 1.606500 11.926896 -1.806064 1.0
136 -1 Car 0 1 1.879576 107.379244 194.326399 285.970033 295.881511 1.500000 1.675028 4.026695 -7.487914 1.946714 13.444405 1.379340 1.0
136 -1 Car 0 2 1.766421 215.387192 183.885495 325.081650 263.422236 1.773438 1.711916 4.314977 -8.652308 2.073671 18.648612 1.336956 1.0
136 -1 Car 0 1 -1.779144 550.264492 175.172009 644.512253 244.527664 1.596000 1.698089 3.562650 -0.467588 1.680464 18.681261 -1.804740 1.0
136 -1 Car 0 2 -1.761253 524.122203 179.114605 600.175083 231.153426 1.524000 1.728591 3.894227 -1.682119 1.745041 23.465583 -1.832754 1.0
136 -1 Car 0 2 1.659845 275.056643 191.434894 339.855443 242.110492 1.444000 1.595116 3.791789 -9.829007 2.084749 23.559152 1.268136 1.0
136 -1 Car 0 2 -1.716033 502.958472 182.683029 553.929164 219.826699 1.365956 1.508586 3.485915 -3.339537 1.767055 28.757335 -1.831185 1.0
137 -1 Car 0 0 -1.590131 437.010839 169.346680 473.027320 208.101677 2.000000 1.823255 4.433886 -8.622882 1.851026 39.823725 -1.802405 1.0
137 -1 Cyclist 0 0 -1.682071 506.731799 172.087892 562.535086 272.211206 1.739063 0.824591 1.785241 -1.488018 1.740135 13.535587 -1.790575 1.0
137 -1 Car 0 0 -1.537279 820.209094 177.871348 1071.793336 374.000000 1.507812 1.687051 4.041130 3.267355 1.570359 7.212571 -1.128295 1.0
137 -1 Car 0 0 -1.915725 621.590968 178.212323 810.192161 293.807485 1.460938 1.583189 3.934669 1.387332 1.563315 11.305950 -1.798004 1.0
137 -1 Car 0 1 1.899623 93.779149 194.913302 284.966633 301.585796 1.500000 1.675028 4.026695 -7.301819 1.943605 12.921454 1.393598 1.0
137 -1 Car 0 2 1.777567 209.162394 181.776669 324.533354 263.664355 1.773438 1.711916 4.314977 -8.460948 2.007694 18.079809 1.345016 1.0
137 -1 Car 0 1 -1.777233 557.592010 172.295613 654.891779 244.211920 1.596000 1.698089 3.562650 -0.239780 1.612480 18.065605 -1.791239 1.0
137 -1 Car 0 2 -1.765085 528.844488 176.773737 607.055981 230.068869 1.524000 1.728591 3.894227 -1.465875 1.671335 22.941015 -1.828896 1.0
137 -1 Car 0 2 1.659323 276.361295 191.598527 342.428314 243.488207 1.444000 1.595116 3.791789 -9.560135 2.077871 23.069336 1.270055 1.0
137 -1 Car 0 2 -1.713363 509.576309 179.000343 561.444896 216.954495 1.365956 1.508586 3.485915 -2.993760 1.620993 28.119369 -1.819007 1.0
138 -1 Car 0 0 -1.588197 444.478400 168.399604 480.191377 206.884149 2.000000 1.823255 4.433886 -8.266776 1.799733 40.079000 -1.790709 1.0
138 -1 Cyclist 0 0 -1.672454 509.046965 169.924434 563.992811 270.040411 1.739063 0.824591 1.785241 -1.451921 1.701853 13.530817 -1.778387 1.0
138 -1 Car 0 0 -1.570868 857.024268 176.098214 1152.249013 374.000000 1.507812 1.687051 4.041130 3.357486 1.549162 6.545848 -1.116107 1.0
138 -1 Car 0 0 -1.922206 632.972137 178.795609 836.287394 303.262171 1.460938 1.583189 3.934669 1.546583 1.565398 10.646476 -1.783144 1.0
138 -1 Car 0 1 1.920105 78.843399 195.543448 283.875628 307.857897 1.500000 1.675028 4.026695 -7.115723 1.940496 12.398503 1.407857 1.0
138 -1 Car 0 2 1.790887 207.141094 181.179243 328.061252 265.608967 1.773438 1.711916 4.314977 -8.204629 1.988389 17.596398 1.359873 1.0
138 -1 Car 0 1 -1.778332 566.909339 171.831513 667.857831 246.533663 1.596000 1.698089 3.562650 0.027678 1.602678 17.458079 -1.777738 1.0
138 -1 Car 0 2 -1.769280 533.770823 174.313467 614.287472 228.928371 1.524000 1.728591 3.894227 -1.249631 1.597630 22.416448 -1.825038 1.0
138 -1 Car 0 2 1.673896 278.292707 191.703497 347.600398 244.927925 1.444000 1.595116 3.791789 -9.230859 2.068445 22.555360 1.289079 1.0
138 -1 Car 0 2 1.676836 307.169568 185.899998 359.746295 226.087101 1.422414 1.512803 3.707634 -10.762107 1.950111 28.166016 1.314590 1.0
138 -1 Car 0 2 -1.713569 518.206903 178.283103 571.229319 217.145330 1.365956 1.508586 3.485915 -2.580594 1.589683 27.496960 -1.806829 1.0
139 -1 Car 0 0 -1.586179 451.846223 167.464456 487.263448 205.683056 2.000000 1.823255 4.433886 -7.910670 1.748439 40.334274 -1.779013 1.0
139 -1 Cyclist 0 0 -1.662840 511.364927 167.757076 565.448743 267.867859 1.739063 0.824591 1.785241 -1.415824 1.663571 13.526048 -1.766199 1.0
139 -1 Car 0 0 -1.611710 904.511265 172.800475 1241.000000 374.000000 1.507812 1.687051 4.041130 3.447617 1.527966 5.879125 -1.103920 1.0
139 -1 Car 0 0 -1.931274 645.610445 179.475180 866.650257 314.274246 1.460938 1.583189 3.934669 1.705835 1.567482 9.987002 -1.768284 1.0
139 -1 Car 0 1 1.941074 62.362904 196.221804 282.686679 314.787033 1.500000 1.675028 4.026695 -6.929628 1.937387 11.875551 1.422115 1.0
139 -1 Car 0 2 1.804120 205.007594 180.542394 331.756567 267.675882 1.773438 1.711916 4.314977 -7.948310 1.969083 17.112986 1.374730 1.0
139 -1 Car 0 1 -1.780466 576.831664 171.329809 681.871760 249.040661 1.596000 1.698089 3.562650 0.295136 1.592876 16.850552 -1.764238 1.0
139 -1 Car 0 2 -1.767605 542.594161 175.033601 625.228136 231.377755 1.524000 1.728591 3.894227 -0.924009 1.616367 21.796482 -1.810223 1.0
139 -1 Car 0 2 1.688247 280.337760 191.813357 352.984572 246.438545 1.444000 1.595116 3.791789 -8.901584 2.059020 22.041383 1.308103 1.0
139 -1 Car 0 2 1.689967 311.610619 186.464083 366.304341 227.538638 1.422414 1.512803 3.707634 -10.355778 1.964566 27.662378 1.334479 1.0
139 -1 Car 0 2 -1.714374 527.210610 177.529939 581.500549 217.345180 1.365956 1.508586 3.485915 -2.167428 1.558373 26.874551 -1.794650 1.0
140 -1 Car 0 0 -1.588404 462.596258 168.479981 497.662221 206.420340 2.000000 1.823255 4.433886 -7.377377 1.800699 40.625628 -1.767317 1.0
140 -1 Cyclist 0 0 -1.662226 515.517146 168.494275 569.561886 268.664179 1.739063 0.824591 1.785241 -1.337755 1.676647 13.519163 -1.760048 1.0
140 -1 Car 1 0 -1.658231 965.563117 173.444209 1241.000000 374.000000 1.507812 1.687051 4.041130 3.518190 1.523520 5.188552 -1.089260 1.0
140 -1 Car 0 0 -1.943395 659.724277 180.276809 902.425998 327.262907 1.460938 1.583189 3.934669 1.865086 1.569565 9.327528 -1.753423 1.0
140 -1 Car 0 0 1.962587 44.082422 196.954126 281.387806 322.482143 1.500000 1.675028 4.026695 -6.743532 1.934277 11.352600 1.436373 1.0
140 -1 Car 0 2 1.818064 201.581078 181.179628 335.195928 271.628664 1.773438 1.711916 4.314977 -7.679040 1.975848 16.565438 1.389587 1.0
140 -1 Car 0 1 -1.783740 587.419401 170.785731 697.066762 251.756028 1.596000 1.698089 3.562650 0.562594 1.583073 16.243026 -1.750737 1.0
140 -1 Car 0 2 -1.766705 551.888282 175.801189 636.876202 233.983542 1.524000 1.728591 3.894227 -0.598387 1.635104 21.176517 -1.795408 1.0
140 -1 Car 0 2 1.702359 282.505605 191.928447 358.594942 248.025450 1.444000 1.595116 3.791789 -8.572309 2.049595 21.527407 1.327128 1.0
140 -1 Car 0 2 1.702814 316.239719 187.048087 373.082329 229.046030 1.422414 1.512803 3.707634 -9.949450 1.979020 27.158740 1.354367 1.0
140 -1 Car 0 2 -1.712370 536.272843 180.714876 591.494325 221.456858 1.365956 1.508586 3.485915 -1.779458 1.664112 26.328279 -1.779828 1.0
141 -1 Car 0 0 -1.590500 473.183385 169.481233 507.910971 207.146050 2.000000 1.823255 4.433886 -6.844083 1.852960 40.916983 -1.755621 1.0
141 -1 Cyclist 0 0 -1.661623 519.672204 169.232720 573.680629 269.460928 1.739063 0.824591 1.785241 -1.259687 1.689723 13.512279 -1.753898 1.0
141 -1 Car 1 0 -1.715880 1024.855917 173.996109 1241.000000 374.000000 1.507812 1.687051 4.041130 3.588762 1.519074 4.497980 -1.074601 1.0
141 -1 Car 0 0 -1.959144 675.585819 181.236367 945.209642 342.812622 1.460938 1.583189 3.934669 2.024338 1.571649 8.668054 -1.738563 1.0
141 -1 Car 0 0 1.984712 23.687078 197.747127 279.965044 331.077666 1.500000 1.675028 4.026695 -6.557437 1.931168 10.829649 1.450632 1.0
141 -1 Car 0 2 1.831945 197.905543 181.823122 338.832264 275.888966 1.773438 1.711916 4.314977 -7.409769 1.982614 16.017891 1.404444 1.0
141 -1 Car 0 1 -1.784993 597.020507 170.992032 711.915366 255.955964 1.596000 1.698089 3.562650 0.788631 1.588985 15.565109 -1.736348 1.0
141 -1 Car 0 2 -1.766644 561.691521 176.621009 649.303194 236.761136 1.524000 1.728591 3.894227 -0.272764 1.653841 20.556552 -1.780594 1.0
141 -1 Car 0 2 1.716214 284.806341 192.049134 364.446937 249.694581 1.444000 1.595116 3.791789 -8.243033 2.040170 21.013430 1.346152 1.0
141 -1 Car 0 2 1.715361 321.068206 187.653125 380.092200 230.612506 1.422414 1.512803 3.707634 -9.543121 1.993475 26.655103 1.374256 1.0
141 -1 Car 0 2 -1.710926 545.691565 183.781298 601.945417 225.753618 1.365956 1.508586 3.485915 -1.391488 1.769852 25.782008 -1.765006 1.0
142 -1 Car 0 0 -1.588523 482.684192 169.493093 517.110801 206.893323 2.000000 1.823255 4.433886 -6.351123 1.852295 41.191189 -1.740983 1.0
142 -1 Cyclist 0 0 -1.661032 523.830120 169.972410 577.804968 270.258100 1.739063 0.824591 1.785241 -1.181619 1.702800 13.505394 -1.747747 1.0
142 -1 Car 1 0 -1.786998 1085.210605 174.478338 1241.000000 374.000000 1.507812 1.687051 4.041130 3.659335 1.514628 3.807408 -1.059942 1.0
142 -1 Car 0 0 -1.979237 693.538728 182.082957 997.290857 361.763507 1.460938 1.583189 3.934669 2.183589 1.573732 8.008580 -1.723703 1.0
142 -1 Car 0 0 2.010728 0.000000 197.697781 275.082171 339.994496 1.500000 1.675028 4.026695 -6.405541 1.910822 10.261510 1.463834 1.0
142 -1 Car 0 2 1.845758 193.951242 182.360844 342.684082 280.494057 1.773438 1.711916 4.314977 -7.140499 1.989379 15.470344 1.419301 1.0
142 -1 Car 0 1 -1.787616 607.399721 171.220283 728.303733 260.586483 1.596000 1.698089 3.562650 1.014668 1.594896 14.887192 -1.721958 1.0
142 -1 Car 0 2 -1.767493 572.046511 177.498505 662.590569 239.728031 1.524000 1.728591 3.894227 0.052858 1.672578 19.936587 -1.765779 1.0
142 -1 Car 0 2 1.729790 287.251136 192.175821 370.557451 251.452517 1.444000 1.595116 3.791789 -7.913758 2.030745 20.499454 1.365176 1.0
142 -1 Car 0 2 1.727586 326.108306 188.280397 387.346801 232.241553 1.422414 1.512803 3.707634 -9.136792 2.007929 26.151465 1.394144 1.0
142 -1 Car 0 2 -1.711373 554.107851 181.021671 611.827600 223.818920 1.365956 1.508586 3.485915 -1.043093 1.660802 25.145599 -1.753093 1.0
143 -1 Car 0 0 -1.586427 492.051912 169.504973 526.187368 206.643876 2.000000 1.823255 4.433886 -5.858162 1.851630 41.465395 -1.726346 1.0
143 -1 Cyclist 0 0 -1.660451 527.990912 170.713341 581.934897 271.055689 1.739063 0.824591 1.785241 -1.103550 1.715876 13.498509 -1.741596 1.0
143 -1 Car 1 0 -1.874057 1161.393382 175.042007 1241.000000 374.000000 1.507812 1.687051 4.041130 3.729908 1.510182 3.116836 -1.045282 1.0
143 -1 Car 0 0 -2.000594 710.004219 182.708644 1058.227101 374.000000 1.460938 1.583189 3.934669 2.288183 1.573222 7.310347 -1.710037 1.0
143 -1 Car 0 0 2.037971 0.000000 197.644218 269.704545 349.402099 1.500000 1.675028 4.026695 -6.253645 1.890475 9.693371 1.477036 1.0
143 -1 Car 0 2 1.861331 186.735752 181.655439 344.294046 283.664580 1.773438 1.711916 4.314977 -6.931953 1.965794 14.934059 1.432977 1.0
143 -1 Car 0 1 -1.791787 618.654783 171.474099 746.485980 265.717322 1.596000 1.698089 3.562650 1.240704 1.600807 14.209276 -1.707569 1.0
143 -1 Car 0 2 -1.769332 583.000820 178.439903 676.831517 242.904185 1.524000 1.728591 3.894227 0.378480 1.691314 19.316622 -1.750964 1.0
143 -1 Car 0 2 1.743066 289.852378 192.308950 376.945043 253.306558 1.444000 1.595116 3.791789 -7.584483 2.021319 19.985477 1.384200 1.0
143 -1 Car 0 2 1.739472 331.373226 188.931196 394.859978 233.936939 1.422414 1.512803 3.707634 -8.730464 2.022384 25.647828 1.414033 1.0
143 -1 Car 0 2 -1.712469 562.962932 181.631263 622.305580 225.630587 1.365956 1.508586 3.485915 -0.693419 1.672750 24.507926 -1.741180 1.0
144 -1 Car 0 0 -1.584211 501.289174 169.516870 535.142880 206.397646 2.000000 1.823255 4.433886 -5.365202 1.850965 41.739601 -1.711708 1.0
144 -1 Cyclist 0 0 -1.659880 532.154598 171.455512 586.070411 271.853689 1.739063 0.824591 1.785241 -1.025482 1.728952 13.491624 -1.735446 1.0
144 -1 Car 0 0 -2.028080 729.145084 183.436177 1136.833908 374.000000 1.460938 1.583189 3.934669 2.392777 1.572713 6.612114 -1.696371 1.0
144 -1 Car 0 0 2.066620 0.000000 197.585782 263.754992 360.399248 1.500000 1.675028 4.026695 -6.101750 1.870129 9.125231 1.490238 1.0
144 -1 Car 0 2 1.877039 178.914177 180.751546 345.998007 287.107315 1.773438 1.711916 4.314977 -6.723406 1.942209 14.397775 1.446652 1.0
144 -1 Car 0 1 -1.797710 630.900562 171.757932 766.775313 271.434137 1.596000 1.698089 3.562650 1.466741 1.606718 13.531359 -1.693179 1.0
144 -1 Car 0 2 -1.769732 591.830839 177.326996 689.228092 244.333091 1.524000 1.728591 3.894227 0.628769 1.659900 18.651451 -1.737493 1.0
144 -1 Car 0 2 1.753570 290.000108 191.216317 381.021525 253.928660 1.444000 1.595116 3.791789 -7.306895 1.973841 19.422091 1.397672 1.0
144 -1 Car 0 2 1.740013 335.572691 188.010488 400.419654 233.955241 1.422414 1.512803 3.707634 -8.366892 1.975433 25.085194 1.420748 1.0
144 -1 Car 0 2 -1.714262 572.256233 182.187587 633.390322 227.545681 1.365956 1.508586 3.485915 -0.343746 1.684698 23.870253 -1.729267 1.0
145 -1 Car 0 0 -1.584800 509.989028 167.880735 543.617448 204.548416 2.000000 1.823255 4.433886 -4.894958 1.759441 41.957040 -1.700661 1.0
145 -1 Cyclist 0 0 -1.656043 537.863361 170.041813 591.465587 270.490828 1.739063 0.824591 1.785241 -0.920979 1.704102 13.481165 -1.724098 1.0
145 -1 Car 0 0 -2.063276 751.667392 184.292688 1241.000000 374.000000 1.460938 1.583189 3.934669 2.497372 1.572203 5.913880 -1.682705 1.0
145 -1 Car 0 0 2.096888 0.000000 197.521676 257.139475 373.421613 1.500000 1.675028 4.026695 -5.949854 1.849782 8.557092 1.503440 1.0
145 -1 Car 0 2 1.893404 169.624960 178.902444 347.525222 290.303994 1.773438 1.711916 4.314977 -6.511777 1.905497 13.835784 1.460328 1.0
145 -1 Car 0 1 -1.805628 644.272990 172.077335 789.562276 277.843326 1.596000 1.698089 3.562650 1.692777 1.612629 12.853442 -1.678790 1.0
145 -1 Car 0 2 -1.771128 601.247578 176.120757 702.656033 245.878478 1.524000 1.728591 3.894227 0.879059 1.628486 17.986280 -1.724021 1.0
145 -1 Car 0 2 1.763891 290.168045 190.064279 385.313752 254.590249 1.444000 1.595116 3.791789 -7.029307 1.926363 18.858704 1.411143 1.0
145 -1 Car 0 2 1.740246 339.981840 187.050471 406.215752 233.974235 1.422414 1.512803 3.707634 -8.003320 1.928483 24.522561 1.427462 1.0
145 -1 Car 0 2 -1.716805 582.020997 182.762312 645.136284 229.573300 1.365956 1.508586 3.485915 0.005928 1.696646 23.232580 -1.717354 1.0
146 -1 Car 0 0 -1.585302 518.593129 166.261375 552.003437 202.719803 2.000000 1.823255 4.433886 -4.424714 1.667916 42.174479 -1.689613 1.0
146 -1 Cyclist 0 0 -1.652224 543.578543 168.624529 596.871108 269.125466 1.739063 0.824591 1.785241 -0.816477 1.679252 13.470706 -1.712751 1.0
146 -1 Car 1 0 -2.108258 778.549821 185.315889 1241.000000 374.000000 1.460938 1.583189 3.934669 2.601966 1.571693 5.215647 -1.669039 1.0
146 -1 Car 0 0 2.129033 0.000000 197.450919 249.742217 374.000000 1.500000 1.675028 4.026695 -5.797958 1.829436 7.988953 1.516642 1.0
146 -1 Car 0 2 1.909985 159.430362 176.863565 349.152376 293.816833 1.773438 1.711916 4.314977 -6.300147 1.868785 13.273793 1.474003 1.0
146 -1 Car 0 0 -1.813630 655.750592 170.040580 811.762893 282.780965 1.596000 1.698089 3.562650 1.860389 1.583684 12.163682 -1.666620 1.0
146 -1 Car 0 2 -1.773625 611.311055 174.808984 717.250456 247.555283 1.524000 1.728591 3.894227 1.129349 1.597071 17.321109 -1.710550 1.0
146 -1 Car 0 2 1.774014 290.358441 188.847773 389.839967 255.295331 1.444000 1.595116 3.791789 -6.751719 1.878885 18.295317 1.424615 1.0
146 -1 Car 0 2 1.754517 342.778311 185.487956 412.053064 233.377448 1.422414 1.512803 3.707634 -7.665528 1.861270 23.940039 1.447347 1.0
146 -1 Car 0 2 -1.720152 592.293925 183.367349 657.604629 231.723639 1.365956 1.508586 3.485915 0.355602 1.708595 22.594907 -1.705441 1.0
147 -1 Car 0 0 -1.585583 527.012219 165.761275 560.212822 202.021354 2.000000 1.823255 4.433886 -3.959365 1.638009 42.390614 -1.678566 1.0
147 -1 Cyclist 0 0 -1.648425 549.300215 167.203684 602.286946 267.757640 1.739063 0.824591 1.785241 -0.711974 1.654402 13.460247 -1.701404 1.0
147 -1 Car 1 0 -2.165739 811.189317 186.559775 1241.000000 374.000000 1.460938 1.583189 3.934669 2.706560 1.571184 4.517414 -1.655374 1.0
147 -1 Car 1 0 2.168642 0.000000 198.375664 235.037496 374.000000 1.500000 1.675028 4.026695 -5.712203 1.821298 7.393239 1.527853 1.0
147 -1 Car 0 2 1.926809 148.188937 174.604310 350.890813 297.695446 1.773438 1.711916 4.314977 -6.088518 1.832073 12.711803 1.487679 1.0
147 -1 Car 0 0 -1.823856 668.415539 167.712039 837.137286 288.414453 1.596000 1.698089 3.562650 2.028000 1.554739 11.473922 -1.654449 1.0
147 -1 Car 0 2 -1.777339 622.089791 173.377258 733.171105 249.381115 1.524000 1.728591 3.894227 1.379638 1.565657 16.655938 -1.697078 1.0
147 -1 Car 0 2 1.787583 286.908817 187.681196 392.035951 256.482016 1.444000 1.595116 3.791789 -6.525227 1.833359 17.667117 1.438086 1.0
147 -1 Car 0 2 1.768489 345.740393 183.852412 418.152298 232.746846 1.422414 1.512803 3.707634 -7.327736 1.794057 23.357517 1.467231 1.0
147 -1 Car 0 2 -1.721812 601.285077 179.330651 668.858344 228.918203 1.365956 1.508586 3.485915 0.645788 1.575658 21.920870 -1.693527 1.0
148 -1 Car 0 1 -1.585774 535.340037 165.266318 568.337518 201.330483 2.000000 1.823255 4.433886 -3.494016 1.608101 42.606748 -1.667519 1.0
148 -1 Cyclist 0 0 -1.644643 555.028444 165.779300 607.713075 266.387387 1.739063 0.824591 1.785241 -0.607472 1.629553 13.449788 -1.690056 1.0
148 -1 Car 1 0 -2.233630 843.345586 187.892185 1241.000000 374.000000 1.460938 1.583189 3.934669 2.742628 1.568411 3.795580 -1.644973 1.0
148 -1 Car 1 0 2.211567 0.000000 199.427198 218.304083 374.000000 1.500000 1.675028 4.026695 -5.626449 1.813160 6.797524 1.539065 1.0
148 -1 Car 0 2 1.946075 129.438538 175.136144 348.565972 305.794350 1.773438 1.711916 4.314977 -5.935220 1.837834 12.098386 1.498070 1.0
148 -1 Car 0 0 -1.837011 682.689393 165.014429 866.729576 294.888063 1.596000 1.698089 3.562650 2.199600 1.525667 10.784448 -1.642279 1.0
148 -1 Car 0 2 -1.782405 633.662374 171.808404 750.608247 251.376873 1.524000 1.728591 3.894227 1.629928 1.534242 15.990767 -1.683607 1.0
148 -1 Car 0 1 1.801159 283.187502 186.436901 394.370846 257.764658 1.444000 1.595116 3.791789 -6.298735 1.787832 17.038916 1.451558 1.0
148 -1 Car 0 1 1.782139 348.881834 182.138431 424.532493 232.079723 1.422414 1.512803 3.707634 -6.989944 1.726844 22.774995 1.487116 1.0
148 -1 Car 0 2 -1.724312 610.800446 174.670112 680.893483 225.919330 1.365956 1.508586 3.485915 0.935975 1.442721 21.246833 -1.681614 1.0
149 -1 Car 0 1 -1.585873 543.577974 164.776437 576.378694 200.647079 2.000000 1.823255 4.433886 -3.028667 1.578194 42.822882 -1.656472 1.0
149 -1 Cyclist 0 0 -1.640878 560.763302 164.351398 613.149466 265.014746 1.739063 0.824591 1.785241 -0.502969 1.604703 13.439329 -1.678709 1.0
149 -1 Car 1 0 -2.322372 884.677060 189.605288 1241.000000 374.000000 1.460938 1.583189 3.934669 2.778696 1.565639 3.073746 -1.634573 1.0
149 -1 Car 1 0 2.258347 0.000000 200.633478 199.093602 374.000000 1.500000 1.675028 4.026695 -5.540694 1.805022 6.201810 1.550276 1.0
149 -1 Car 0 2 1.966178 108.261983 175.738745 346.021870 314.947860 1.773438 1.711916 4.314977 -5.781922 1.843596 11.484969 1.508461 1.0
149 -1 Car 0 0 -1.848510 695.368853 166.025687 897.222038 307.025832 1.596000 1.698089 3.562650 2.315374 1.545154 10.072460 -1.630109 1.0
149 -1 Car 0 2 -1.787985 642.246632 172.674820 766.028824 256.490782 1.524000 1.728591 3.894227 1.793479 1.551362 15.281022 -1.674341 1.0
149 -1 Car 0 2 1.812381 277.901133 187.718367 395.157913 262.379373 1.444000 1.595116 3.791789 -6.114319 1.809270 16.431840 1.460830 1.0
149 -1 Car 0 2 1.780557 348.084250 183.333887 425.613634 234.973170 1.422414 1.512803 3.707634 -6.798607 1.759077 22.177755 1.485929 1.0
149 -1 Car 0 2 -1.723541 618.095056 176.335872 690.554930 229.460850 1.365956 1.508586 3.485915 1.139928 1.484550 20.561188 -1.669701 1.0
150 -1 Car 0 1 -1.585878 551.727394 164.291564 584.337498 199.971034 2.000000 1.823255 4.433886 -2.563318 1.548286 43.039017 -1.645425 1.0
150 -1 Cyclist 0 0 -1.626136 565.100759 166.268776 616.235079 267.136471 1.739063 0.824591 1.785241 -0.432672 1.638496 13.412023 -1.658943 1.0
150 -1 Car 1 0 -2.438617 939.756757 191.889486 1241.000000 374.000000 1.460938 1.583189 3.934669 2.814765 1.562867 2.351912 -1.624173 1.0
150 -1 Car 1 0 2.309621 0.000000 202.031334 176.815126 374.000000 1.500000 1.675028 4.026695 -5.454939 1.796885 5.606096 1.561488 1.0
150 -1 Car 0 1 1.987241 84.153804 176.427144 343.227010 325.376247 1.773438 1.711916 4.314977 -5.628624 1.849357 10.871552 1.518853 1.0
150 -1 Car 0 0 -1.863195 709.656780 167.229106 933.479597 321.420944 1.596000 1.698089 3.562650 2.431149 1.564641 9.360472 -1.617939 1.0
150 -1 Car 0 1 -1.794925 651.565818 173.639314 783.187401 262.176848 1.524000 1.728591 3.894227 1.957031 1.568481 14.571276 -1.665076 1.0
150 -1 Car 0 2 1.823746 272.163015 189.088070 395.995083 267.393665 1.444000 1.595116 3.791789 -5.929903 1.830707 15.824764 1.470101 1.0
150 -1 Car 0 2 1.778953 347.238281 184.590010 426.749627 238.042512 1.422414 1.512803 3.707634 -6.607269 1.791310 21.580515 1.484741 1.0
150 -1 Car 0 2 -1.723513 625.850592 178.129107 700.949453 233.267597 1.365956 1.508586 3.485915 1.343880 1.526379 19.875544 -1.657788 1.0
151 -1 Car 0 1 -1.582190 557.003184 165.677241 589.526385 201.274334 2.000000 1.823255 4.433886 -2.247927 1.625858 43.139691 -1.634378 1.0
151 -1 Cyclist 0 0 -1.611416 569.457563 168.197948 619.327725 269.262661 1.739063 0.824591 1.785241 -0.362374 1.672289 13.384716 -1.639178 1.0
151 -1 Car 1 0 -2.589466 1016.802489 196.056347 1241.000000 374.000000 1.460938 1.583189 3.934669 2.850833 1.560095 1.630079 -1.613773 1.0
151 -1 Car 1 0 2.366144 0.000000 203.670285 150.673614 374.000000 1.500000 1.675028 4.026695 -5.369185 1.788747 5.010382 1.572699 1.0
151 -1 Car 0 1 2.013989 50.898297 177.385475 336.604010 337.594017 1.773438 1.711916 4.314977 -5.535229 1.856959 10.255014 1.529244 1.0
151 -1 Car 0 0 -1.882121 723.318347 167.335491 974.034627 337.083241 1.596000 1.698089 3.562650 2.518459 1.571081 8.663837 -1.609559 1.0
151 -1 Car 0 2 -1.803411 661.718159 174.719469 802.396054 268.536724 1.524000 1.728591 3.894227 2.120583 1.585601 13.861530 -1.655811 1.0
151 -1 Car 0 2 1.835271 265.912027 190.555482 396.887681 272.861729 1.444000 1.595116 3.791789 -5.745487 1.852144 15.217688 1.479373 1.0
151 -1 Car 0 2 1.777326 346.339381 185.911539 427.944761 241.304290 1.422414 1.512803 3.707634 -6.415932 1.823542 20.983275 1.483554 1.0
151 -1 Car 0 2 -1.724301 634.111891 180.064941 712.164217 237.370441 1.365956 1.508586 3.485915 1.547833 1.568208 19.189900 -1.645875 1.0
152 -1 Car 0 1 -1.578474 562.252888 167.057029 594.690646 202.570531 2.000000 1.823255 4.433886 -1.932536 1.703430 43.240366 -1.623330 1.0
152 -1 Cyclist 0 0 -1.596717 573.720843 170.138865 622.427599 271.393167 1.739063 0.824591 1.785241 -0.292077 1.706082 13.357410 -1.619412 1.0
152 -1 Car 1 0 -2.778986 1132.211786 203.144150 1241.000000 374.000000 1.460938 1.583189 3.934669 2.886901 1.557323 0.908245 -1.603373 1.0
152 -1 Car 1 0 2.433952 0.000000 207.677017 111.164337 374.000000 1.500000 1.675028 4.026695 -5.322616 1.796841 4.369837 1.580673 1.0
152 -1 Car 0 1 2.042438 12.254783 178.503430 329.270909 351.800590 1.773438 1.711916 4.314977 -5.441834 1.864561 9.638477 1.539635 1.0
152 -1 Car 0 0 -1.905133 738.918522 167.466258 1023.766541 356.249322 1.596000 1.698089 3.562650 2.605769 1.577522 7.967202 -1.601178 1.0
152 -1 Car 0 2 -1.810281 670.569984 176.025958 821.081197 275.812224 1.524000 1.728591 3.894227 2.236975 1.604095 13.149017 -1.646546 1.0
152 -1 Car 0 1 1.849665 256.396586 192.432191 395.894110 279.324714 1.444000 1.595116 3.791789 -5.602225 1.880166 14.598558 1.488644 1.0
152 -1 Car 0 1 1.775673 345.382414 187.303718 429.203781 244.777187 1.422414 1.512803 3.707634 -6.224595 1.855775 20.386035 1.482367 1.0
152 -1 Car 0 2 -1.725986 642.929811 181.940903 724.300748 241.805234 1.365956 1.508586 3.485915 1.751786 1.610038 18.504256 -1.633961 1.0
153 -1 Car 0 1 -1.574728 567.476659 168.430941 599.830393 203.859657 2.000000 1.823255 4.433886 -1.617146 1.781002 43.341040 -1.612283 1.0
153 -1 Cyclist 0 0 -1.582040 576.698660 172.091469 625.534894 273.527842 1.739063 0.824591 1.785241 -0.221780 1.739875 13.330103 -1.599646 1.0
153 -1 Car 0 1 2.071620 0.000000 177.812504 319.844246 367.694610 1.773438 1.711916 4.314977 -5.337001 1.852546 8.959424 1.546809 1.0
153 -1 Car 0 0 -1.933141 756.900536 167.630718 1086.145857 374.000000 1.596000 1.698089 3.562650 2.693079 1.583962 7.270567 -1.592798 1.0
153 -1 Car 0 2 -1.818856 680.294919 177.511028 842.313244 284.070033 1.524000 1.728591 3.894227 2.353367 1.622590 12.436503 -1.637280 1.0
153 -1 Car 0 2 1.864481 245.920800 194.456182 394.817829 286.444967 1.444000 1.595116 3.791789 -5.458963 1.908188 13.979427 1.497916 1.0
153 -1 Car 0 0 1.773993 344.361560 188.772369 430.531955 248.482384 1.422414 1.512803 3.707634 -6.033258 1.888008 19.788795 1.481180 1.0
153 -1 Car 0 2 -1.728662 652.362288 183.789605 737.478033 246.613864 1.365956 1.508586 3.485915 1.955738 1.651867 17.818612 -1.622048 1.0
