0 -1 Car 1 0 -2.043410 870.120621 206.599316 1241.000000 374.000000 1.271084 1.531925 3.951362 3.323768 1.606760 5.459055 -1.521303 1.0
1 -1 Car 1 0 -2.107384 893.030087 210.192647 1241.000000 374.000000 1.271084 1.531925 3.951362 3.288779 1.605986 4.728607 -1.529500 1.0
2 -1 Car 1 0 -2.184082 922.345671 214.461531 1241.000000 374.000000 1.271084 1.531925 3.951362 3.272525 1.605202 4.026252 -1.537697 1.0
3 -1 Car 1 0 -2.276865 959.458745 219.852695 1241.000000 374.000000 1.271084 1.531925 3.951362 3.256271 1.604419 3.323897 -1.545894 1.0
4 -1 Car 1 0 -2.390406 1007.953857 226.963833 1241.000000 374.000000 1.271084 1.531925 3.951362 3.240017 1.603635 2.621542 -1.554090 1.0
5 -1 Car 2 0 -2.530007 1074.010068 237.557829 1241.000000 374.000000 1.271084 1.531925 3.951362 3.223763 1.602852 1.919187 -1.562287 1.0
6 -1 Car 2 0 -2.700172 1169.267198 252.938304 1241.000000 374.000000 1.271084 1.531925 3.951362 3.207508 1.602068 1.216831 -1.570484 1.0
56 -1 Cyclist 0 0 -1.146769 752.019439 164.050846 798.296410 231.342466 1.799545 0.558938 1.790798 4.599352 1.570026 20.172027 -0.926470 1.0
57 -1 Cyclist 0 0 -1.185851 756.362232 163.920721 802.158589 233.680323 1.799545 0.558938 1.790798 4.556606 1.575418 19.499655 -0.960370 1.0
58 -1 Cyclist 0 0 -1.225284 761.065408 163.781510 806.252942 236.192870 1.799545 0.558938 1.790798 4.513860 1.580810 18.827282 -0.994269 1.0
59 -1 Cyclist 0 0 -1.265105 766.170185 163.632186 810.605098 238.900345 1.799545 0.558938 1.790798 4.471114 1.586202 18.154909 -1.028168 1.0
60 -1 Cyclist 0 0 -1.305354 771.724433 163.471560 815.244465 241.826241 1.799545 0.558938 1.790798 4.428368 1.591594 17.482537 -1.062068 1.0
60 -1 Car 0 1 -1.315037 585.542087 157.854742 635.841134 197.306993 2.459834 2.030007 5.348680 0.109117 1.554117 47.972168 -1.313199 1.0
61 -1 Cyclist 0 0 -1.301408 776.164532 162.785278 821.848092 244.593632 1.799545 0.558938 1.790798 4.378734 1.585454 16.780834 -1.051253 1.0
61 -1 Car 0 1 -1.314014 581.895218 157.902446 632.990068 197.950717 2.459834 2.030007 5.348680 -0.103499 1.571216 47.294466 -1.316620 1.0
62 -1 Cyclist 0 0 -1.298023 781.006112 162.035886 829.009588 247.615808 1.799545 0.558938 1.790798 4.329101 1.579313 16.079132 -1.040437 1.0
62 -1 Car 0 1 -1.312862 578.136186 157.951642 630.060457 198.614294 2.459834 2.030007 5.348680 -0.316114 1.588315 46.616765 -1.320041 1.0
63 -1 Cyclist 0 0 -1.295271 786.305741 161.214262 836.803171 250.929653 1.799545 0.558938 1.790798 4.279467 1.573173 15.377430 -1.029622 1.0
63 -1 Car 0 1 -1.313125 575.424806 157.269936 628.121754 198.591624 2.459834 2.030007 5.348680 -0.457417 1.562034 45.920591 -1.323461 1.0
64 -1 Cyclist 0 0 -1.293235 792.131124 160.309431 845.316835 254.579531 1.799545 0.558938 1.790798 4.229833 1.567032 14.675728 -1.018806 1.0
64 -1 Car 0 1 -1.313291 572.625067 156.565905 626.126492 198.568197 2.459834 2.030007 5.348680 -0.598720 1.535753 45.224417 -1.326882 1.0
65 -1 Cyclist 0 0 -1.292013 798.563998 159.308080 854.655718 258.619286 1.799545 0.558938 1.790798 4.180199 1.560892 13.974025 -1.007991 1.0
65 -1 Car 0 1 -1.313441 569.782084 154.352501 624.116731 197.074170 2.459834 2.030007 5.348680 -0.737127 1.423558 44.528249 -1.330303 1.0
66 -1 Cyclist 0 0 -1.287491 807.030597 159.054985 866.475623 263.568070 1.799545 0.558938 1.790798 4.171531 1.568538 13.319238 -0.991160 1.0
66 -1 Car 0 1 -1.313488 566.843313 152.064123 622.046591 195.529573 2.459834 2.030007 5.348680 -0.875533 1.311363 43.832081 -1.333723 1.0
67 -1 Cyclist 0 0 -1.284106 816.405776 158.774374 879.477528 269.062011 1.799545 0.558938 1.790798 4.162863 1.576185 12.664451 -0.974329 1.0
67 -1 Car 0 1 -1.313167 563.635678 152.771715 619.761359 196.972020 2.459834 2.030007 5.348680 -1.023510 1.370997 43.136898 -1.337144 1.0
68 -1 Cyclist 0 0 -1.282019 826.842187 158.461443 893.849690 275.196391 1.799545 0.558938 1.790798 4.154195 1.583831 12.009664 -0.957498 1.0
68 -1 Car 0 1 -1.312724 560.316313 153.504108 617.405495 198.464895 2.459834 2.030007 5.348680 -1.171487 1.430630 42.441714 -1.340565 1.0
69 -1 Cyclist 0 0 -1.281419 838.528649 158.110197 909.822624 282.090072 1.799545 0.558938 1.790798 4.145527 1.591477 11.354877 -0.940667 1.0
69 -1 Car 0 1 -1.312401 557.059028 153.429244 615.138900 199.189026 2.459834 2.030007 5.348680 -1.309498 1.445342 41.744469 -1.343985 1.0
70 -1 Cyclist 0 0 -1.282534 851.701553 157.713065 927.681669 289.893272 1.799545 0.558938 1.790798 4.136859 1.599123 10.700091 -0.923836 1.0
70 -1 Car 0 1 -1.311953 553.683820 153.351680 612.799794 199.939458 2.459834 2.030007 5.348680 -1.447508 1.460054 41.047223 -1.347406 1.0
71 -1 Cyclist 0 0 -1.298325 875.641417 155.071342 956.090004 297.713172 1.799545 0.558938 1.790798 4.218681 1.580681 9.974969 -0.909737 1.0
71 -1 Car 0 1 -1.311373 550.184150 153.271266 610.384653 200.717651 2.459834 2.030007 5.348680 -1.585519 1.474766 40.349978 -1.350826 1.0
72 -1 Cyclist 0 0 -1.303857 890.942949 152.430264 976.238473 304.634864 1.799545 0.558938 1.790798 4.206128 1.563317 9.398211 -0.895638 1.0
72 -1 Cyclist 0 0 2.033643 496.451779 167.383813 529.717582 216.335271 1.825707 0.541881 1.725076 -3.753211 1.630945 27.806578 1.900188 1.0
72 -1 Car 0 1 -1.310654 546.552990 153.187840 607.889720 201.525173 2.459834 2.030007 5.348680 -1.723530 1.489478 39.652732 -1.354247 1.0
73 -1 Cyclist 0 0 -1.318883 915.141806 149.141515 1005.709179 313.814491 1.799545 0.558938 1.790798 4.240762 1.545414 8.747271 -0.881539 1.0
73 -1 Cyclist 0 0 2.015959 490.428559 166.900353 524.177041 217.488915 1.825707 0.541881 1.725076 -3.852197 1.620337 26.935987 1.874731 1.0
73 -1 Car 0 1 -1.309791 542.782770 153.101229 605.310988 202.363713 2.459834 2.030007 5.348680 -1.861541 1.504190 38.955487 -1.357668 1.0
74 -1 Cyclist 0 0 -1.337469 943.417643 145.267751 1039.708093 324.629885 1.799545 0.558938 1.790798 4.275397 1.527511 8.096331 -0.867440 1.0
74 -1 Cyclist 0 0 1.998769 483.996890 166.383781 518.271734 218.721519 1.825707 0.541881 1.725076 -3.951183 1.609728 26.065395 1.849273 1.0
74 -1 Car 0 1 -1.308774 538.865328 153.011246 602.644175 203.235092 2.459834 2.030007 5.348680 -1.999552 1.518902 38.258241 -1.361088 1.0
75 -1 Cyclist 0 0 -1.341637 977.513952 143.888829 1083.448092 340.375185 1.799545 0.558938 1.790798 4.338246 1.538510 7.452250 -0.832393 1.0
75 -1 Cyclist 0 0 1.982121 477.112553 165.830583 511.965497 220.041483 1.825707 0.541881 1.725076 -4.050169 1.599119 25.194803 1.823815 1.0
75 -1 Car 0 1 -1.307596 534.791851 152.917688 599.884704 204.141277 2.459834 2.030007 5.348680 -2.137563 1.533614 37.560996 -1.364509 1.0
76 -1 Cyclist 0 0 -1.350802 1018.265619 142.225689 1135.234129 359.413253 1.799545 0.558938 1.790798 4.401095 1.549509 6.808169 -0.797346 1.0
76 -1 Cyclist 0 0 1.966069 469.724757 165.236729 505.217177 221.458445 1.825707 0.541881 1.725076 -4.149155 1.588511 24.324212 1.798357 1.0
76 -1 Car 0 1 -1.306247 530.552810 152.820337 597.027673 205.084396 2.459834 2.030007 5.348680 -2.275573 1.548326 36.863750 -1.367930 1.0
76 -1 Cyclist 0 0 -0.555904 582.433572 168.769413 624.019624 208.697353 1.815299 0.589697 1.890230 -0.337754 1.631282 33.561057 -0.566455 1.0
77 -1 Cyclist 0 0 -1.365771 1067.795318 140.179048 1197.541405 374.000000 1.799545 0.558938 1.790798 4.463944 1.560508 6.164089 -0.762298 1.0
77 -1 Cyclist 0 0 1.950253 462.114772 166.276331 498.302609 224.672137 1.825707 0.541881 1.725076 -4.236788 1.630458 23.450356 1.772899 1.0
77 -1 Car 0 0 -1.305108 526.816376 153.540244 594.688662 206.864715 2.459834 2.030007 5.348680 -2.381724 1.600786 36.175181 -1.370863 1.0
77 -1 Cyclist 0 0 -0.591809 585.117956 169.991243 626.867056 210.530133 1.815299 0.589697 1.890230 -0.205858 1.689889 33.098607 -0.598574 1.0
78 -1 Cyclist 0 0 -1.387464 1129.234448 137.597344 1241.000000 374.000000 1.799545 0.558938 1.790798 4.526794 1.571507 5.520008 -0.727251 1.0
78 -1 Cyclist 0 0 1.935136 453.899687 167.399831 490.866566 228.143004 1.825707 0.541881 1.725076 -4.324421 1.672406 22.576501 1.747441 1.0
78 -1 Car 0 0 -1.303814 522.923775 154.290435 592.264985 208.719644 2.459834 2.030007 5.348680 -2.487875 1.653246 35.486613 -1.373796 1.0
78 -1 Cyclist 0 0 -0.627821 587.906181 171.245220 629.767914 212.417510 1.815299 0.589697 1.890230 -0.073961 1.748495 32.636157 -0.630692 1.0
79 -1 Cyclist 1 0 -1.416883 1207.403314 137.874897 1241.000000 374.000000 1.799545 0.558938 1.790798 4.589643 1.582506 4.875928 -0.692204 1.0
79 -1 Cyclist 0 0 1.919901 445.211622 166.796112 483.083302 230.203837 1.825707 0.541881 1.725076 -4.397246 1.662107 21.662352 1.721402 1.0
79 -1 Car 0 0 -1.302356 518.864989 155.072861 589.751969 210.653970 2.459834 2.030007 5.348680 -2.594026 1.705706 34.798044 -1.376728 1.0
79 -1 Cyclist 0 0 -0.663944 590.802779 172.532649 632.724652 214.361839 1.815299 0.589697 1.890230 0.057935 1.807102 32.173707 -0.662810 1.0
80 -1 Cyclist 0 0 1.905552 435.732537 166.137541 474.635637 232.478660 1.825707 0.541881 1.725076 -4.470072 1.651808 20.748204 1.695362 1.0
80 -1 Car 0 0 -1.300727 514.629129 155.889640 587.144596 212.672902 2.459834 2.030007 5.348680 -2.700177 1.758166 34.109475 -1.379661 1.0
80 -1 Cyclist 0 0 -0.700108 593.749704 172.907500 635.673991 215.375727 1.815299 0.589697 1.890230 0.187026 1.823545 31.714722 -0.694929 1.0
81 -1 Cyclist 0 0 1.892200 425.347487 165.416291 465.436165 234.973036 1.825707 0.541881 1.725076 -4.542897 1.641509 19.834055 1.669323 1.0
81 -1 Car 0 0 -1.297064 510.936451 154.410889 585.258522 212.396833 2.459834 2.030007 5.348680 -2.773884 1.710539 33.461593 -1.379661 1.0
81 -1 Cyclist 0 0 -0.736594 596.942061 171.798777 638.818248 214.874853 1.815299 0.589697 1.890230 0.321800 1.774442 31.248627 -0.727047 1.0
82 -1 Cyclist 0 0 1.879971 413.918234 164.622967 455.381355 237.720364 1.825707 0.541881 1.725076 -4.615723 1.631210 18.919907 1.643283 1.0
82 -1 Car 0 0 -1.293860 507.497363 152.105142 583.749194 211.437512 2.459834 2.030007 5.348680 -2.824284 1.632372 32.771386 -1.379661 1.0
82 -1 Cyclist 0 0 -0.751132 599.086629 170.171121 641.271877 213.884429 1.815299 0.589697 1.890230 0.415344 1.707628 30.810468 -0.738418 1.0
83 -1 Cyclist 0 0 1.869018 401.277023 163.746199 444.347638 240.761181 1.825707 0.541881 1.725076 -4.688548 1.620911 18.005758 1.617244 1.0
83 -1 Car 0 0 -1.289687 503.273182 151.834308 581.616202 212.527784 2.459834 2.030007 5.348680 -2.902072 1.640894 32.092554 -1.379661 1.0
83 -1 Cyclist 0 0 -0.765631 601.213146 169.292413 643.702953 213.656616 1.815299 0.589697 1.890230 0.505312 1.673453 30.376180 -0.749790 1.0
83 -1 Car 0 2 -2.729035 430.110837 176.386567 500.114476 200.547093 1.436607 1.615587 3.914116 -8.968148 1.680401 44.614436 -2.926622 1.0
84 -1 Cyclist 0 0 1.882007 387.123408 163.413461 433.463572 244.613263 1.825707 0.541881 1.725076 -4.755164 1.624575 17.121978 1.614467 1.0
84 -1 Cyclist 0 1 1.822362 409.459719 167.157684 449.318661 234.610901 1.770449 0.593923 1.924228 -5.011191 1.633617 19.959498 1.578923 1.0
84 -1 Car 0 0 -1.285339 498.851307 151.550628 579.397657 213.669127 2.459834 2.030007 5.348680 -2.979860 1.649416 31.413723 -1.379661 1.0
84 -1 Cyclist 0 0 -0.780417 603.559280 169.383879 646.357167 214.429572 1.815299 0.589697 1.890230 0.601587 1.679507 29.935153 -0.761161 1.0
84 -1 Car 0 0 -2.728558 427.125993 177.134649 498.306331 201.678140 1.436607 1.615587 3.914116 -8.971200 1.721222 43.903968 -2.929309 1.0
85 -1 Cyclist 0 0 1.896525 371.344907 163.042538 421.454832 248.908152 1.825707 0.541881 1.725076 -4.821779 1.628238 16.238197 1.611691 1.0
85 -1 Cyclist 0 1 1.837123 396.318409 166.719135 439.181824 237.462182 1.770449 0.593923 1.924228 -5.096432 1.629573 19.075715 1.578923 1.0
85 -1 Car 0 0 -1.280804 494.217529 151.253166 577.088306 214.865214 2.459834 2.030007 5.348680 -3.057648 1.657937 30.734891 -1.379661 1.0
85 -1 Cyclist 0 0 -0.795304 606.000619 171.362341 649.105150 217.113107 1.815299 0.589697 1.890230 0.698653 1.760362 29.493344 -0.772533 1.0
85 -1 Car 0 1 -2.725641 422.276919 178.661476 494.669814 203.574176 1.436607 1.615587 3.914116 -9.084517 1.806096 43.214761 -2.931996 1.0
86 -1 Cyclist 0 0 1.912793 353.644649 162.626454 408.137610 253.726859 1.825707 0.541881 1.725076 -4.888395 1.631902 15.354416 1.608915 1.0
86 -1 Cyclist 0 1 1.853164 381.830822 166.235645 428.109553 240.605880 1.770449 0.593923 1.924228 -5.181673 1.625530 18.191932 1.578923 1.0
86 -1 Car 0 0 -1.276071 489.356240 150.940892 574.682457 216.120082 2.459834 2.030007 5.348680 -3.135435 1.666459 30.056060 -1.379661 1.0
86 -1 Cyclist 0 0 -0.827719 608.257708 171.174969 651.190432 217.607463 1.815299 0.589697 1.890230 0.776782 1.754315 29.086475 -0.801971 1.0
86 -1 Car 0 1 -2.719611 415.016713 178.072317 488.654988 203.389070 1.436607 1.615587 3.914116 -9.337330 1.767020 42.555038 -2.934683 1.0
87 -1 Cyclist 0 0 1.931074 333.648757 162.156426 393.285745 259.171435 1.825707 0.541881 1.725076 -4.955010 1.635565 14.470636 1.606138 1.0
87 -1 Cyclist 0 1 1.870651 365.778906 165.699934 415.966101 244.089409 1.770449 0.593923 1.924228 -5.266913 1.621486 17.308148 1.578923 1.0
87 -1 Car 0 0 -1.270924 484.081660 150.135828 571.966596 216.914844 2.459834 2.030007 5.348680 -3.223355 1.656738 29.398591 -1.379714 1.0
87 -1 Cyclist 0 0 -0.860217 610.603305 170.982085 653.312172 218.115631 1.815299 0.589697 1.890230 0.854912 1.748269 28.679606 -0.831409 1.0
87 -1 Car 0 2 -2.716516 409.939429 177.251758 484.878047 203.008129 1.436607 1.615587 3.914116 -9.442880 1.715771 41.865398 -2.937370 1.0
88 -1 Cyclist 0 0 1.951684 310.879636 161.621234 376.617760 265.372281 1.825707 0.541881 1.725076 -5.021626 1.639229 13.586855 1.603362 1.0
88 -1 Cyclist 0 1 1.889775 347.894837 165.103058 402.588123 247.971022 1.770449 0.593923 1.924228 -5.352154 1.617442 16.424365 1.578923 1.0
88 -1 Car 0 0 -1.265549 478.543702 149.289973 569.136202 217.749330 2.459834 2.030007 5.348680 -3.311274 1.647017 28.741123 -1.379766 1.0
88 -1 Cyclist 0 0 -0.892802 613.041112 170.783461 655.472255 218.638196 1.815299 0.589697 1.890230 0.933042 1.742222 28.272738 -0.860846 1.0
88 -1 Car 0 2 -2.713244 404.689366 176.403108 480.976559 202.614194 1.436607 1.615587 3.914116 -9.548431 1.664522 41.175757 -2.940057 1.0
89 -1 Cyclist 0 0 1.975746 286.480582 161.176176 359.486546 272.570418 1.825707 0.541881 1.725076 -5.061656 1.645516 12.712954 1.603362 1.0
89 -1 Cyclist 0 1 1.910762 327.845947 164.433907 387.777279 252.323090 1.770449 0.593923 1.924228 -5.437395 1.613398 15.540582 1.578923 1.0
89 -1 Car 0 0 -1.259928 472.722135 148.400148 566.183872 218.626595 2.459834 2.030007 5.348680 -3.399193 1.637296 28.083655 -1.379818 1.0
89 -1 Cyclist 0 0 -0.925477 615.575035 170.578859 657.672694 219.175773 1.815299 0.589697 1.890230 1.011171 1.736176 27.865869 -0.890284 1.0
89 -1 Car 0 1 -2.710036 399.385077 176.005174 477.039895 202.667466 1.436607 1.615587 3.914116 -9.651439 1.639518 40.501796 -2.942852 1.0
90 -1 Cyclist 0 0 2.002731 258.207448 160.660339 339.996762 280.913459 1.825707 0.541881 1.725076 -5.101686 1.651802 11.839052 1.603362 1.0
90 -1 Cyclist 0 1 1.931872 306.980434 164.913091 372.893137 258.555364 1.770449 0.593923 1.924228 -5.483962 1.632953 14.644672 1.578923 1.0
90 -1 Car 0 0 -1.254345 466.822250 148.252891 563.326249 220.367638 2.459834 2.030007 5.348680 -3.477140 1.654909 27.415684 -1.379870 1.0
90 -1 Cyclist 0 0 -0.958246 618.209193 170.368024 659.915638 219.729018 1.815299 0.589697 1.890230 1.089301 1.730130 27.459001 -0.919722 1.0
90 -1 Car 0 0 -2.705827 393.279021 176.779393 472.350788 203.880884 1.436607 1.615587 3.914116 -9.790520 1.678115 39.835277 -2.945647 1.0
91 -1 Cyclist 0 0 2.033158 225.057972 160.055377 317.625318 290.698160 1.825707 0.541881 1.725076 -5.141717 1.658089 10.965151 1.603362 1.0
91 -1 Cyclist 0 1 1.955288 283.196419 165.459325 356.196095 265.660621 1.770449 0.593923 1.924228 -5.530529 1.652507 13.748761 1.578923 1.0
91 -1 Car 0 0 -1.248493 460.598547 148.097424 560.337826 222.224716 2.459834 2.030007 5.348680 -3.555087 1.672522 26.747714 -1.379923 1.0
91 -1 Cyclist 0 0 -0.962138 620.848873 170.810564 663.003925 220.867901 1.815299 0.589697 1.890230 1.181968 1.747458 27.090093 -0.919722 1.0
91 -1 Car 0 1 -2.701406 386.961508 177.580562 467.504855 205.136399 1.436607 1.615587 3.914116 -9.929601 1.716713 39.168758 -2.948442 1.0
92 -1 Cyclist 0 0 2.067660 185.651550 159.336011 291.682098 302.333532 1.825707 0.541881 1.725076 -5.181747 1.664376 10.091250 1.603362 1.0
92 -1 Cyclist 0 1 1.981378 255.835531 166.087741 337.333454 273.836097 1.770449 0.593923 1.924228 -5.577096 1.672061 12.852850 1.578923 1.0
92 -1 Car 0 0 -1.242351 454.023613 147.933040 557.209414 224.188432 2.459834 2.030007 5.348680 -3.633034 1.690135 26.079744 -1.379975 1.0
92 -1 Cyclist 0 0 -0.966135 623.562974 171.265753 666.175686 222.039361 1.815299 0.589697 1.890230 1.274636 1.764787 26.721186 -0.919722 1.0
92 -1 Car 0 2 -2.697377 380.894613 178.581239 462.973145 206.609640 1.436607 1.615587 3.914116 -10.041309 1.764110 38.494716 -2.951237 1.0
93 -1 Cyclist 0 0 2.107014 138.032063 158.466398 261.237488 316.399472 1.825707 0.541881 1.725076 -5.221777 1.670663 9.217348 1.603362 1.0
93 -1 Cyclist 0 1 2.010587 224.025282 166.818393 315.854684 283.343286 1.770449 0.593923 1.924228 -5.623663 1.691616 11.956939 1.578923 1.0
93 -1 Car 0 0 -1.239433 447.945259 147.363448 554.316467 225.839716 2.459834 2.030007 5.348680 -3.690448 1.695083 25.419821 -1.382730 1.0
93 -1 Cyclist 0 0 -0.970241 626.354688 171.734143 669.434351 223.244815 1.815299 0.589697 1.890230 1.367303 1.782116 26.352279 -0.919722 1.0
93 -1 Car 0 2 -2.693132 374.607546 179.590591 458.282782 208.136442 1.436607 1.615587 3.914116 -10.153018 1.811508 37.820674 -2.954032 1.0
94 -1 Cyclist 0 0 2.152171 79.333200 157.393978 225.008666 333.746395 1.825707 0.541881 1.725076 -5.261808 1.676950 8.343447 1.603362 1.0
94 -1 Cyclist 0 1 2.043449 186.584293 167.678441 291.174968 294.536427 1.770449 0.593923 1.924228 -5.670230 1.711170 11.061029 1.578923 1.0
94 -1 Car 0 0 -1.236225 441.506168 146.759746 551.283701 227.590055 2.459834 2.030007 5.348680 -3.747861 1.700031 24.759898 -1.385485 1.0
94 -1 Cyclist 0 0 -0.974460 629.227393 172.216314 672.783543 224.485768 1.815299 0.589697 1.890230 1.459971 1.799445 25.983371 -0.919722 1.0
94 -1 Car 0 1 -2.689304 368.839053 180.025427 454.140784 209.103240 1.436607 1.615587 3.914116 -10.229056 1.827930 37.154067 -2.956527 1.0
95 -1 Cyclist 0 0 2.204282 5.179233 156.038441 181.174164 355.673838 1.825707 0.541881 1.725076 -5.301838 1.683237 7.469545 1.603362 1.0
95 -1 Cyclist 0 0 2.077421 145.549986 167.162728 265.150959 305.774746 1.770449 0.593923 1.924228 -5.694877 1.710697 10.204162 1.578923 1.0
95 -1 Car 0 0 -1.232707 434.673212 146.118775 548.100751 229.448637 2.459834 2.030007 5.348680 -3.805274 1.704980 24.099975 -1.388240 1.0
95 -1 Cyclist 0 0 -0.978797 632.184664 172.712885 676.227086 225.763808 1.815299 0.589697 1.890230 1.552638 1.816774 25.614464 -0.919722 1.0
95 -1 Car 0 1 -2.685270 362.855946 180.475835 449.850147 210.106063 1.436607 1.615587 3.914116 -10.305094 1.844352 36.487461 -2.959022 1.0
96 -1 Cyclist 0 0 2.264730 0.000000 155.276856 127.058056 374.000000 1.825707 0.541881 1.725076 -5.341868 1.689524 6.595644 1.603362 1.0
96 -1 Cyclist 0 0 2.115882 96.152950 166.541851 234.801065 319.308468 1.770449 0.593923 1.924228 -5.719524 1.710224 9.347295 1.578923 1.0
96 -1 Car 0 0 -1.228853 427.409080 145.436973 544.756198 231.425820 2.459834 2.030007 5.348680 -3.862687 1.709928 23.440052 -1.390995 1.0
96 -1 Cyclist 0 0 -0.983258 635.230293 173.224510 679.769025 227.080624 1.815299 0.589697 1.890230 1.645306 1.834103 25.245557 -0.919722 1.0
96 -1 Car 0 1 -2.681020 356.646009 180.942668 445.402739 211.146964 1.436607 1.615587 3.914116 -10.381132 1.860774 35.820854 -2.961517 1.0
97 -1 Cyclist 0 0 2.159642 35.546668 165.779993 198.948899 335.920825 1.770449 0.593923 1.924228 -5.744171 1.709751 8.490428 1.578923 1.0
97 -1 Car 0 0 -1.224637 419.671594 144.710307 541.237437 233.533331 2.459834 2.030007 5.348680 -3.920100 1.714876 22.780129 -1.393751 1.0
97 -1 Cyclist 0 0 -1.001763 638.352174 172.648679 682.821757 227.265051 1.815299 0.589697 1.890230 1.730088 1.814967 24.911597 -0.934028 1.0
97 -1 Car 0 1 -2.673728 347.959194 180.667587 438.558510 211.431535 1.436607 1.615587 3.914116 -10.571928 1.839926 35.173863 -2.964012 1.0
98 -1 Cyclist 0 0 2.209671 0.000000 164.822984 155.948994 356.449629 1.770449 0.593923 1.924228 -5.768817 1.709278 7.633561 1.578923 1.0
98 -1 Car 0 0 -1.220028 411.412890 143.934199 537.530516 235.784493 2.459834 2.030007 5.348680 -3.977513 1.719824 22.120207 -1.396506 1.0
98 -1 Cyclist 0 0 -1.020378 641.568670 172.056406 685.948366 227.454360 1.815299 0.589697 1.890230 1.814870 1.795832 24.577637 -0.948335 1.0
98 -1 Car 0 1 -2.666132 338.940314 180.382420 431.462868 211.726994 1.436607 1.615587 3.914116 -10.762725 1.819077 34.526872 -2.966507 1.0
99 -1 Cyclist 1 0 2.267108 0.000000 165.211131 103.427176 363.557888 1.770449 0.593923 1.924228 -5.793464 1.708805 6.776694 1.578923 1.0
99 -1 Car 0 0 -1.214994 402.578427 143.103421 533.619955 238.194509 2.459834 2.030007 5.348680 -4.034927 1.724772 21.460284 -1.399261 1.0
99 -1 Cyclist 0 0 -1.039108 644.883819 171.446993 689.151831 227.648759 1.815299 0.589697 1.890230 1.899651 1.776697 24.243677 -0.962641 1.0
99 -1 Car 0 1 -2.650228 322.999817 182.259568 417.524036 214.204728 1.436607 1.615587 3.914116 -11.284242 1.902561 33.946138 -2.969202 1.0
100 -1 Car 0 0 -1.209497 393.105777 142.211984 529.488523 240.780807 2.459834 2.030007 5.348680 -4.092340 1.729721 20.800361 -1.402016 1.0
100 -1 Cyclist 0 0 -1.057957 648.301895 170.819698 692.435294 227.848466 1.815299 0.589697 1.890230 1.984433 1.757561 23.909717 -0.976947 1.0
100 -1 Car 0 1 -2.658158 326.146930 182.019659 422.709669 214.692705 1.436607 1.615587 3.914116 -10.843602 1.881621 33.198751 -2.971898 1.0
101 -1 Car 0 0 -1.205076 383.382754 139.293417 525.068033 241.386394 2.459834 2.030007 5.348680 -4.152376 1.685849 20.176127 -1.406114 1.0
101 -1 Cyclist 0 0 -1.076930 651.827418 170.173738 695.802065 228.053714 1.815299 0.589697 1.890230 2.069215 1.738426 23.575758 -0.991254 1.0
101 -1 Car 0 1 -2.648926 315.360065 180.336049 414.116213 213.614648 1.436607 1.615587 3.914116 -11.071850 1.796393 32.560186 -2.974593 1.0
102 -1 Car 0 0 -1.200151 372.944842 136.158601 520.398468 242.036778 2.459834 2.030007 5.348680 -4.212413 1.641977 19.551894 -1.410212 1.0
102 -1 Cyclist 0 0 -1.096031 655.465185 169.508283 699.255644 228.264748 1.815299 0.589697 1.890230 2.153997 1.719290 23.241798 -1.005560 1.0
102 -1 Car 0 1 -2.639321 304.131905 178.558587 405.186628 212.492422 1.436607 1.615587 3.914116 -11.300098 1.711166 31.921622 -2.977288 1.0
103 -1 Car 0 0 -1.195057 361.847588 134.626748 515.855360 244.861067 2.459834 2.030007 5.348680 -4.255403 1.641545 18.887151 -1.414309 1.0
103 -1 Cyclist 0 0 -1.132029 658.846004 167.965128 701.614582 227.582132 1.815299 0.589697 1.890230 2.215953 1.674171 22.927352 -1.037670 1.0
103 -1 Car 0 2 -2.627672 291.095600 175.851197 394.497404 210.512447 1.436607 1.615587 3.914116 -11.599681 1.592995 31.315084 -2.979983 1.0
104 -1 Car 0 0 -1.189312 349.984349 133.059896 510.880364 247.759700 2.459834 2.030007 5.348680 -4.307326 1.641212 18.257957 -1.418407 1.0
104 -1 Cyclist 0 0 -1.168131 662.354316 166.376629 704.011670 226.876977 1.815299 0.589697 1.890230 2.277908 1.629052 22.612905 -1.069780 1.0
104 -1 Car 0 2 -2.621712 282.435256 177.711167 388.292104 213.084970 1.436607 1.615587 3.914116 -11.674913 1.666550 30.667190 -2.982925 1.0
105 -1 Car 0 0 -1.182925 337.129344 131.361050 505.596109 250.903021 2.459834 2.030007 5.348680 -4.359249 1.640880 17.628764 -1.422505 1.0
105 -1 Cyclist 0 0 -1.192786 666.204955 167.496183 707.228322 228.877251 1.815299 0.589697 1.890230 2.356036 1.665214 22.306380 -1.089704 1.0
105 -1 Car 0 2 -2.615435 273.391986 179.629892 381.825327 215.771431 1.436607 1.615587 3.914116 -11.750145 1.740105 30.019296 -2.985867 1.0
106 -1 Car 0 0 -1.175835 323.152638 129.512793 499.972909 254.323375 2.459834 2.030007 5.348680 -4.411172 1.640547 16.999570 -1.426603 1.0
106 -1 Cyclist 0 0 -1.200041 668.245146 169.457273 709.551353 231.851355 1.815299 0.589697 1.890230 2.385802 1.724933 21.961349 -1.094080 1.0
106 -1 Car 0 2 -2.608826 263.939792 181.552940 375.080215 218.579571 1.436607 1.615587 3.914116 -11.825376 1.813661 29.371402 -2.988809 1.0
107 -1 Car 0 0 -1.167971 307.900566 127.494505 493.977154 258.059067 2.459834 2.030007 5.348680 -4.463096 1.640214 16.370377 -1.430701 1.0
107 -1 Cyclist 0 0 -1.258579 671.622397 169.451693 710.395701 232.771776 1.815299 0.589697 1.890230 2.416136 1.726879 21.662457 -1.149820 1.0
107 -1 Car 0 2 -2.601675 253.843007 180.680042 367.878562 218.546473 1.436607 1.615587 3.914116 -11.903623 1.770349 28.713174 -2.991752 1.0
108 -1 Car 0 0 -1.159253 291.190047 125.281586 487.570631 262.155813 2.459834 2.030007 5.348680 -4.515019 1.639881 15.741183 -1.434798 1.0
108 -1 Cyclist 0 0 -1.307485 674.477233 167.713375 711.015759 231.890066 1.815299 0.589697 1.890230 2.436567 1.679507 21.390279 -1.196413 1.0
108 -1 Car 2 1 -2.594144 243.260026 179.767318 360.347633 218.511767 1.436607 1.615587 3.914116 -11.981871 1.727037 28.054945 -2.994694 1.0
109 -1 Car 0 0 -1.147830 273.261441 123.338955 481.213217 266.965340 2.459834 2.030007 5.348680 -4.563198 1.646793 15.130562 -1.436584 1.0
109 -1 Cyclist 0 0 -1.356448 677.458988 165.928814 711.613023 230.978682 1.815299 0.589697 1.890230 2.456997 1.632136 21.118100 -1.243007 1.0
109 -1 Car 2 2 -2.586937 232.598914 179.767816 352.808869 219.438872 1.436607 1.615587 3.914116 -12.054184 1.720924 27.417339 -2.997913 1.0
110 -1 Car 0 0 -1.135433 253.506282 121.195075 474.401726 272.274255 2.459834 2.030007 5.348680 -4.611376 1.653704 14.519940 -1.438371 1.0
110 -1 Cyclist 0 0 -1.405471 680.569541 164.096714 712.189795 230.036716 1.815299 0.589697 1.890230 2.477427 1.584764 20.845921 -1.289600 1.0
110 -1 Car 2 1 -2.579339 221.415620 179.768343 344.921100 220.411456 1.436607 1.615587 3.914116 -12.126498 1.714810 26.779732 -3.001132 1.0
111 -1 Car 0 0 -1.121958 231.630420 118.816960 467.085726 278.164594 2.459834 2.030007 5.348680 -4.659555 1.660616 13.909318 -1.440157 1.0
111 -1 Cyclist 0 0 -1.476738 683.915452 165.493512 711.387323 232.255680 1.815299 0.589697 1.890230 2.482247 1.626423 20.597902 -1.359298 1.0
111 -1 Car 2 2 -2.571331 209.670775 179.768901 336.659558 221.432949 1.436607 1.615587 3.914116 -12.198811 1.708697 26.142125 -3.004352 1.0
112 -1 Car 0 0 -1.107285 207.272950 116.164003 459.207029 284.737405 2.459834 2.030007 5.348680 -4.707734 1.667528 13.298696 -1.441943 1.0
112 -1 Cyclist 0 0 -1.453354 683.792568 165.575641 713.144994 233.256480 1.815299 0.589697 1.890230 2.473889 1.631108 20.333584 -1.334824 1.0
112 -1 Car 2 2 -2.563012 196.502636 181.467301 327.324203 224.312655 1.436607 1.615587 3.914116 -12.288776 1.763694 25.486912 -3.008526 1.0
113 -1 Car 0 0 -1.091277 179.986171 113.185634 450.698145 292.118585 2.459834 2.030007 5.348680 -4.755912 1.674439 12.688074 -1.443729 1.0
113 -1 Cyclist 0 0 -1.429999 683.675905 165.660532 714.941218 234.283548 1.815299 0.589697 1.890230 2.465531 1.635793 20.069266 -1.310351 1.0
113 -1 Car 2 2 -2.554202 182.616344 183.252197 317.512079 227.349748 1.436607 1.615587 3.914116 -12.378742 1.818691 24.831699 -3.012700 1.0
114 -1 Car 0 0 -1.073776 149.207783 109.818063 441.480334 300.467033 2.459834 2.030007 5.348680 -4.804091 1.681351 12.077453 -1.445515 1.0
114 -1 Cyclist 0 0 -1.447316 684.583637 167.562100 715.024043 236.918356 1.815299 0.589697 1.890230 2.453755 1.687777 19.867209 -1.327085 1.0
114 -1 Car 2 2 -2.544874 167.951418 185.130370 307.185785 230.557490 1.436607 1.615587 3.914116 -12.468707 1.873688 24.176487 -3.016874 1.0
115 -1 Car 0 0 -1.054605 114.221735 105.979665 431.461174 309.986209 2.459834 2.030007 5.348680 -4.852270 1.688263 11.466831 -1.447301 1.0
115 -1 Cyclist 0 0 -1.466389 685.195815 166.337934 714.719074 236.566767 1.815299 0.589697 1.890230 2.428058 1.658015 19.631005 -1.345998 1.0
115 -1 Car 2 2 -2.535003 152.427213 183.924478 296.284695 230.604360 1.436607 1.615587 3.914116 -12.559796 1.822301 23.522386 -3.021048 1.0
116 -1 Car 0 0 -1.045365 74.950233 99.017486 418.301847 317.947730 2.459834 2.030007 5.348680 -4.915904 1.665184 10.863487 -1.461802 1.0
116 -1 Cyclist 0 0 -1.485466 685.829887 165.082865 714.402518 236.205148 1.815299 0.589697 1.890230 2.402361 1.628254 19.394802 -1.364911 1.0
116 -1 Car 2 2 -2.524561 135.982261 182.652232 284.782053 230.653982 1.436607 1.615587 3.914116 -12.650885 1.770915 22.868285 -3.025222 1.0
117 -1 Car 0 0 -1.033984 29.413021 90.965371 403.920095 327.156782 2.459834 2.030007 5.348680 -4.979539 1.642104 10.260144 -1.476302 1.0
117 -1 Cyclist 0 0 -1.504546 686.486461 163.795773 714.074197 235.833134 1.815299 0.589697 1.890230 2.376665 1.598493 19.158598 -1.383824 1.0
117 -1 Car 2 2 -2.513519 118.532041 181.307999 272.626742 230.706607 1.436607 1.615587 3.914116 -12.741974 1.719528 22.214184 -3.029396 1.0
118 -1 Car 0 0 -1.020199 0.000000 81.546033 388.139275 337.931959 2.459834 2.030007 5.348680 -5.043173 1.619025 9.656801 -1.490803 1.0
118 -1 Cyclist 0 0 -1.523631 687.166169 162.475482 713.733919 235.450346 1.815299 0.589697 1.890230 2.350968 1.568732 18.922394 -1.402738 1.0
118 -1 Car 2 2 -2.501847 99.981361 179.885487 259.761689 230.762521 1.436607 1.615587 3.914116 -12.833063 1.668142 21.560084 -3.033570 1.0
119 -1 Car 0 0 -0.994690 0.000000 75.831606 373.871465 356.798539 2.459834 2.030007 5.348680 -5.079158 1.645537 9.048750 -1.494236 1.0
119 -1 Cyclist 0 0 -1.565565 688.283677 163.462149 713.290587 237.353311 1.815299 0.589697 1.890230 2.314536 1.596515 18.696966 -1.445157 1.0
119 -1 Car 2 2 -2.491994 81.886312 179.883002 247.658078 232.396281 1.436607 1.615587 3.914116 -12.883688 1.661750 20.915804 -3.038633 1.0
120 -1 Car 0 0 -0.966231 0.000000 68.910060 358.040666 374.000000 2.459834 2.030007 5.348680 -5.115143 1.672049 8.440699 -1.497670 1.0
120 -1 Cyclist 0 0 -1.552361 686.026098 164.501617 711.316349 239.272852 1.815299 0.589697 1.890230 2.246888 1.624434 18.487154 -1.434188 1.0
120 -1 Car 2 2 -2.481498 62.589715 179.880384 234.817605 234.138757 1.436607 1.615587 3.914116 -12.934313 1.655358 20.271525 -3.043697 1.0
121 -1 Car 0 0 -0.934422 0.000000 60.353645 340.375320 374.000000 2.459834 2.030007 5.348680 -5.151128 1.698560 7.832648 -1.501104 1.0
121 -1 Cyclist 0 0 -1.571540 685.346770 165.070667 710.950187 240.767065 1.815299 0.589697 1.890230 2.188163 1.640696 18.274269 -1.455153 1.0
121 -1 Car 2 2 -2.470323 41.967587 179.877622 221.171034 236.001177 1.436607 1.615587 3.914116 -12.984937 1.648966 19.627245 -3.048760 1.0
122 -1 Car 2 0 -0.903897 0.000000 58.652880 320.901875 374.000000 2.459834 2.030007 5.348680 -5.179276 1.692752 7.236693 -1.508158 1.0
122 -1 Cyclist 0 0 -1.582023 684.309657 165.656284 710.225158 242.306072 1.815299 0.589697 1.890230 2.129438 1.656959 18.061384 -1.467463 1.0
122 -1 Car 2 2 -2.458434 19.878284 179.874701 206.640180 237.996367 1.436607 1.615587 3.914116 -13.035562 1.642574 18.982966 -3.053824 1.0
123 -1 Car 2 0 -0.869263 0.000000 58.093498 298.947497 374.000000 2.459834 2.030007 5.348680 -5.207424 1.686944 6.640738 -1.515212 1.0
123 -1 Cyclist 0 0 -1.548866 681.493742 166.268950 707.715790 243.870504 1.815299 0.589697 1.890230 2.070713 1.673221 17.848499 -1.436179 1.0
123 -1 Car 2 3 -2.445793 0.000000 179.871606 191.136402 240.124191 1.436607 1.615587 3.914116 -13.086186 1.636182 18.338686 -3.058887 1.0
124 -1 Car 2 0 -0.829979 0.000000 57.761936 274.006706 374.000000 2.459834 2.030007 5.348680 -5.235572 1.681136 6.044783 -1.522266 1.0
124 -1 Cyclist 0 0 -1.538806 679.686244 165.229024 706.971030 243.830579 1.815299 0.589697 1.890230 2.015254 1.651071 17.634902 -1.427826 1.0
124 -1 Car 2 3 -2.432361 0.000000 179.868318 174.558799 242.324640 1.436607 1.615587 3.914116 -13.136811 1.629790 17.694407 -3.063951 1.0
125 -1 Car 2 0 -0.785456 0.000000 57.667126 245.426676 374.000000 2.459834 2.030007 5.348680 -5.263720 1.675328 5.448827 -1.529320 1.0
125 -1 Cyclist 0 0 -1.536734 678.160278 164.159592 705.934412 243.780982 1.815299 0.589697 1.890230 1.959794 1.628922 17.421304 -1.427504 1.0
125 -1 Car 2 3 -2.418096 0.000000 179.864816 156.792040 244.690541 1.436607 1.615587 3.914116 -13.187436 1.623398 17.050127 -3.069014 1.0
126 -1 Car 1 0 -0.735079 0.000000 57.815693 212.349322 374.000000 2.459834 2.030007 5.348680 -5.291868 1.669520 4.852872 -1.536374 1.0
126 -1 Cyclist 0 0 -1.537509 676.713597 163.061203 704.763879 243.726972 1.815299 0.589697 1.890230 1.904335 1.606772 17.207707 -1.430072 1.0
126 -1 Car 2 3 -2.402958 0.000000 179.859252 137.703622 247.241295 1.436607 1.615587 3.914116 -13.238060 1.617006 16.405848 -3.074078 1.0
127 -1 Car 1 0 -0.678240 0.000000 58.211732 173.623747 374.000000 2.459834 2.030007 5.348680 -5.320016 1.663712 4.256917 -1.543428 1.0
127 -1 Cyclist 0 0 -1.599469 676.066808 158.647461 705.110514 240.859968 1.815299 0.589697 1.890230 1.830553 1.513499 16.910371 -1.494365 1.0
127 -1 Car 2 3 -2.386902 0.000000 179.850526 117.140649 249.999454 1.436607 1.615587 3.914116 -13.288685 1.610614 15.761568 -3.079141 1.0
128 -1 Car 2 0 -0.614400 0.000000 58.856641 127.669693 374.000000 2.459834 2.030007 5.348680 -5.348164 1.657904 3.660962 -1.550483 1.0
128 -1 Cyclist 0 0 -1.576723 674.317701 158.614147 702.347306 241.670315 1.815299 0.589697 1.890230 1.766864 1.515981 16.743388 -1.474296 1.0
128 -1 Car 2 3 -2.369886 0.000000 179.841049 94.925637 252.991398 1.436607 1.615587 3.914116 -13.339309 1.604222 15.117289 -3.084205 1.0
129 -1 Cyclist 0 0 -1.553923 671.207929 158.580688 699.517444 242.495618 1.815299 0.589697 1.890230 1.703176 1.518463 16.576405 -1.454226 1.0
129 -1 Car 2 3 -2.350089 0.000000 179.884425 69.597277 256.385842 1.436607 1.615587 3.914116 -13.404558 1.598690 14.458063 -3.088540 1.0
130 -1 Cyclist 0 0 -1.541903 668.790886 158.640983 697.745441 243.272542 1.815299 0.589697 1.890230 1.648665 1.522337 16.443605 -1.444648 1.0
130 -1 Car 2 3 -2.329194 0.000000 179.936652 41.995763 256.335197 1.436607 1.615587 3.914116 -13.469807 1.593157 13.798837 -3.092875 1.0
131 -1 Cyclist 0 0 -1.529843 666.334936 158.702468 696.521693 244.075825 1.815299 0.589697 1.890230 1.594154 1.526212 16.310804 -1.435070 1.0
132 -1 Cyclist 0 0 -1.517742 663.839176 158.765174 695.277121 244.892939 1.815299 0.589697 1.890230 1.539643 1.530086 16.178003 -1.425492 1.0
133 -1 Cyclist 0 0 -1.525890 663.589350 160.541734 694.695146 247.724980 1.815299 0.589697 1.890230 1.512341 1.570776 15.992937 -1.434287 1.0
134 -1 Cyclist 0 0 -1.534023 663.334530 162.362323 694.099485 250.626791 1.815299 0.589697 1.890230 1.485038 1.611465 15.807871 -1.443082 1.0
135 -1 Cyclist 0 0 -1.542140 663.074495 164.228568 693.489708 253.600953 1.815299 0.589697 1.890230 1.457736 1.652155 15.622804 -1.451877 1.0
136 -1 Cyclist 0 0 -1.550241 662.809016 166.142174 693.300822 256.650172 1.815299 0.589697 1.890230 1.430434 1.692844 15.437738 -1.460672 1.0
137 -1 Cyclist 0 0 -1.517881 661.378620 164.497062 694.675316 256.198118 1.815299 0.589697 1.890230 1.418845 1.661719 15.254816 -1.427978 1.0
138 -1 Cyclist 0 0 -1.485529 659.933875 162.809370 696.514409 255.728471 1.815299 0.589697 1.890230 1.407255 1.630593 15.071894 -1.395285 1.0
139 -1 Cyclist 0 0 -1.453185 658.476203 161.077745 698.382571 255.240580 1.815299 0.589697 1.890230 1.395665 1.599468 14.888972 -1.362592 1.0
140 -1 Cyclist 0 0 -1.330883 656.659819 164.909924 707.286569 259.556879 1.815299 0.589697 1.890230 1.466121 1.672911 14.822442 -1.235327 1.0
141 -1 Cyclist 0 0 -1.370813 662.833565 164.205766 710.473222 259.608014 1.815299 0.589697 1.890230 1.549699 1.661063 14.713311 -1.269040 1.0
142 -1 Cyclist 0 0 -1.410825 669.151849 163.491675 713.673271 259.653426 1.815299 0.589697 1.890230 1.633277 1.649215 14.604179 -1.302753 1.0
143 -1 Cyclist 0 0 -1.366989 671.737796 162.811594 720.486282 259.752517 1.815299 0.589697 1.890230 1.716856 1.637366 14.495047 -1.252533 1.0
144 -1 Cyclist 0 0 -1.323238 674.421784 162.123781 727.369084 259.838408 1.815299 0.589697 1.890230 1.800434 1.625518 14.385916 -1.202313 1.0
145 -1 Cyclist 0 0 -1.279574 677.210028 161.428355 734.320971 259.910689 1.815299 0.589697 1.890230 1.884012 1.613670 14.276784 -1.152092 1.0
146 -1 Cyclist 0 0 -1.254971 682.931477 161.573250 742.586521 260.785911 1.815299 0.589697 1.890230 2.008234 1.617475 14.174468 -1.118162 1.0
147 -1 Cyclist 0 0 -1.230476 688.758191 161.721809 750.961644 261.667118 1.815299 0.589697 1.890230 2.132456 1.621281 14.072151 -1.084232 1.0
148 -1 Cyclist 0 0 -1.206090 694.692623 161.874047 759.448945 262.554233 1.815299 0.589697 1.890230 2.256677 1.625086 13.969835 -1.050301 1.0
149 -1 Cyclist 0 0 -1.155210 700.918656 162.047696 770.509394 263.611566 1.815299 0.589697 1.890230 2.401711 1.629125 13.841495 -0.988037 1.0
150 -1 Cyclist 0 0 -1.104493 707.367048 162.229015 781.719669 264.662675 1.815299 0.589697 1.890230 2.546744 1.633164 13.713156 -0.925772 1.0
151 -1 Cyclist 0 0 -1.053940 714.047792 162.417804 793.081304 265.706837 1.815299 0.589697 1.890230 2.691778 1.637203 13.584817 -0.863508 1.0
152 -1 Cyclist 0 0 -1.054821 725.033298 161.152147 804.975162 265.423711 1.815299 0.589697 1.890230 2.880046 1.616681 13.459582 -0.849519 1.0
153 -1 Cyclist 0 0 -1.055882 736.221048 159.862412 817.097393 265.133882 1.815299 0.589697 1.890230 3.068315 1.596159 13.334347 -0.835531 1.0
154 -1 Cyclist 0 0 -1.057118 747.616277 158.547952 829.455008 264.837175 1.815299 0.589697 1.890230 3.256584 1.575636 13.209112 -0.821543 1.0
155 -1 Cyclist 0 0 -1.058526 759.224408 157.208095 842.055307 264.533405 1.815299 0.589697 1.890230 3.444852 1.555114 13.083877 -0.807554 1.0
156 -1 Cyclist 0 0 -1.036702 772.571688 156.682607 858.633047 265.360265 1.815299 0.589697 1.890230 3.666664 1.549049 12.913365 -0.766946 1.0
157 -1 Cyclist 0 0 -1.015168 786.285257 156.146131 875.664978 266.197415 1.815299 0.589697 1.890230 3.888476 1.542984 12.742852 -0.726338 1.0
158 -1 Cyclist 0 0 -0.993917 800.377334 155.598335 893.172855 267.045152 1.815299 0.589697 1.890230 4.110288 1.536918 12.572340 -0.685730 1.0
159 -1 Cyclist 0 0 -0.972941 814.860702 155.038866 911.179788 267.903807 1.815299 0.589697 1.890230 4.332100 1.530853 12.401828 -0.645122 1.0
160 -1 Cyclist 0 0 -0.986451 833.415307 156.830922 931.046605 271.614776 1.815299 0.589697 1.890230 4.587069 1.563876 12.202704 -0.635697 1.0
161 -1 Cyclist 0 0 -1.000305 852.577551 158.684868 951.579875 275.453274 1.815299 0.589697 1.890230 4.842038 1.596898 12.003580 -0.626272 1.0
162 -1 Cyclist 0 0 -1.014485 872.377434 160.603922 972.814028 279.425953 1.815299 0.589697 1.890230 5.097007 1.629921 11.804456 -0.616848 1.0
163 -1 Cyclist 0 0 -1.036306 894.939618 160.145673 996.093641 280.856665 1.815299 0.589697 1.890230 5.390790 1.625889 11.629477 -0.612767 1.0
164 -1 Cyclist 0 0 -1.058282 918.193534 159.672658 1020.080711 282.333489 1.815299 0.589697 1.890230 5.684573 1.621857 11.454499 -0.608686 1.0
165 -1 Cyclist 0 0 -1.080377 942.171415 159.184150 1044.808047 283.858692 1.815299 0.589697 1.890230 5.978357 1.617826 11.279521 -0.604604 1.0
166 -1 Cyclist 0 0 -1.102557 966.907539 158.679377 1070.310530 285.434693 1.815299 0.589697 1.890230 6.272140 1.613794 11.104543 -0.600523 1.0
167 -1 Cyclist 0 0 -1.124784 992.438362 158.157515 1096.625243 287.064072 1.815299 0.589697 1.890230 6.565924 1.609762 10.929564 -0.596442 1.0
168 -1 Cyclist 0 0 -1.147024 1018.802747 157.617680 1123.791708 288.749591 1.815299 0.589697 1.890230 6.859707 1.605730 10.754586 -0.592361 1.0
169 -1 Cyclist 0 0 -1.121814 1043.840068 157.589927 1155.503028 290.576645 1.815299 0.589697 1.890230 7.163332 1.607528 10.582052 -0.540332 1.0
170 -1 Cyclist 0 0 -1.096511 1069.632515 157.564676 1188.401846 292.431644 1.815299 0.589697 1.890230 7.466956 1.609327 10.409518 -0.488303 1.0
171 -1 Cyclist 0 0 -1.071077 1096.211230 157.541741 1222.560631 294.315685 1.815299 0.589697 1.890230 7.770581 1.611125 10.236984 -0.436275 1.0
172 -1 Cyclist 0 0 -1.045476 1123.609633 157.520917 1241.000000 296.230033 1.815299 0.589697 1.890230 8.074206 1.612923 10.064450 -0.384246 1.0
173 -1 Cyclist 0 0 -1.019673 1151.863617 157.501970 1241.000000 298.176138 1.815299 0.589697 1.890230 8.377830 1.614722 9.891916 -0.332217 1.0
174 -1 Cyclist 1 0 -0.993635 1181.011863 157.461847 1241.000000 300.155657 1.815299 0.589697 1.890230 8.681455 1.616520 9.719382 -0.280188 1.0
285 -1 Cyclist 0 0 1.747998 477.065266 175.279951 504.558451 225.385378 1.638075 0.570039 1.999707 -4.093940 1.731234 24.667635 1.584654 1.0
286 -1 Cyclist 0 0 1.750131 474.471452 176.284042 503.120834 228.330416 1.638075 0.570039 1.999707 -4.014373 1.760002 23.785057 1.584118 1.0
287 -1 Cyclist 0 0 1.752465 471.668793 177.368979 501.577062 231.512769 1.638075 0.570039 1.999707 -3.934807 1.788770 22.902479 1.583583 1.0
288 -1 Cyclist 0 0 1.755890 467.926538 176.073996 499.269529 232.487481 1.638075 0.570039 1.999707 -3.875985 1.745501 22.020914 1.583047 1.0
289 -1 Cyclist 0 0 1.759635 463.856989 174.665754 496.778251 233.547514 1.638075 0.570039 1.999707 -3.817163 1.702233 21.139350 1.582511 1.0
290 -1 Cyclist 0 0 1.763739 459.415246 173.128716 494.080370 234.704583 1.638075 0.570039 1.999707 -3.758342 1.658964 20.257785 1.581975 1.0
290 -1 Cyclist 0 0 1.711785 497.678613 169.930309 520.285392 218.246770 1.797546 0.595113 1.850258 -3.920582 1.701295 27.855561 1.572699 1.0
291 -1 Cyclist 0 0 1.767735 454.967836 172.331034 491.529035 236.861144 1.638075 0.570039 1.999707 -3.688730 1.638299 19.375851 1.581440 1.0
291 -1 Cyclist 0 0 1.691102 496.797508 168.266034 519.415891 218.802242 1.797546 0.595113 1.850258 -3.788306 1.646737 26.675127 1.550841 1.0
292 -1 Cyclist 0 0 1.772147 450.072519 171.453016 488.746879 239.235111 1.638075 0.570039 1.999707 -3.619118 1.617633 18.493916 1.580904 1.0
292 -1 Cyclist 0 0 1.670820 495.625668 168.175702 518.267857 221.147819 1.797546 0.595113 1.850258 -3.663117 1.651259 25.493924 1.528982 1.0
293 -1 Cyclist 0 0 1.777035 444.658043 170.481882 485.701096 241.861103 1.638075 0.570039 1.999707 -3.549506 1.596968 17.611982 1.580368 1.0
293 -1 Cyclist 0 0 1.650689 494.340910 168.076597 517.007809 223.730784 1.797546 0.595113 1.850258 -3.537929 1.655781 24.312721 1.507123 1.0
294 -1 Cyclist 0 0 1.778607 438.262173 169.822089 481.618040 245.109688 1.638075 0.570039 1.999707 -3.497169 1.585416 16.750303 1.575223 1.0
294 -1 Cyclist 0 0 1.630731 492.924903 167.967339 515.619553 226.589067 1.797546 0.595113 1.850258 -3.412740 1.660303 23.131518 1.485265 1.0
295 -1 Cyclist 0 0 1.780872 431.126365 169.086179 477.118598 248.734757 1.638075 0.570039 1.999707 -3.444833 1.573864 15.888624 1.570079 1.0
295 -1 Cyclist 0 0 1.610973 491.345432 166.746670 514.074262 228.664251 1.797546 0.595113 1.850258 -3.287891 1.632692 21.950651 1.463406 1.0
296 -1 Cyclist 0 0 1.783944 423.114236 168.260173 472.135725 252.805786 1.638075 0.570039 1.999707 -3.392496 1.562311 15.026944 1.564935 1.0
296 -1 Cyclist 0 0 1.591450 489.583347 165.382642 512.356496 230.986510 1.797546 0.595113 1.850258 -3.163042 1.605081 20.769784 1.441547 1.0
297 -1 Cyclist 0 0 1.787961 414.053691 167.326449 466.587167 257.410463 1.638075 0.570039 1.999707 -3.340160 1.550759 14.165265 1.559790 1.0
297 -1 Cyclist 0 0 1.619142 483.928998 165.066814 509.935151 234.675965 1.797546 0.595113 1.850258 -3.099073 1.608671 19.628006 1.463924 1.0
298 -1 Cyclist 0 0 1.794149 402.841530 167.450150 459.612242 263.854051 1.638075 0.570039 1.999707 -3.302797 1.559503 13.303235 1.554646 1.0
298 -1 Cyclist 0 0 1.647469 477.549689 164.710189 507.222106 238.842324 1.797546 0.595113 1.850258 -3.035103 1.612261 18.486227 1.486301 1.0
299 -1 Cyclist 0 0 1.801796 389.940146 167.592451 451.743978 271.270217 1.638075 0.570039 1.999707 -3.265434 1.568247 12.441205 1.549501 1.0
299 -1 Cyclist 0 0 1.676554 470.295845 164.304244 504.161889 243.584396 1.797546 0.595113 1.850258 -2.971133 1.615851 17.344448 1.508677 1.0
300 -1 Cyclist 0 0 1.811199 374.936543 167.757877 442.799109 279.897127 1.638075 0.570039 1.999707 -3.228071 1.576991 11.579174 1.544357 1.0
300 -1 Cyclist 0 0 1.706549 461.973554 163.837900 500.684129 249.030315 1.797546 0.595113 1.850258 -2.907163 1.619441 16.202669 1.531054 1.0
301 -1 Cyclist 0 0 1.822736 357.271150 167.952550 432.540555 290.057620 1.638075 0.570039 1.999707 -3.190708 1.585734 10.717144 1.539212 1.0
301 -1 Cyclist 0 0 1.737651 452.326822 163.296497 496.698204 255.349288 1.797546 0.595113 1.850258 -2.843194 1.623031 15.060890 1.553430 1.0
302 -1 Cyclist 0 0 1.836904 336.166480 168.184965 420.656120 302.200503 1.638075 0.570039 1.999707 -3.153345 1.594478 9.855114 1.534068 1.0
302 -1 Cyclist 0 0 1.732384 441.807659 162.204062 489.380506 262.156693 1.797546 0.595113 1.850258 -2.804911 1.618067 13.946264 1.536699 1.0
303 -1 Cyclist 0 0 1.854360 310.509564 168.467258 406.726149 316.968657 1.638075 0.570039 1.999707 -3.115982 1.603222 8.993084 1.528923 1.0
303 -1 Cyclist 0 0 1.728999 429.320605 160.909195 480.876964 270.243082 1.797546 0.595113 1.850258 -2.766629 1.613103 12.831638 1.519968 1.0
304 -1 Cyclist 0 0 1.881232 278.260813 166.154393 390.362223 332.131166 1.638075 0.570039 1.999707 -3.087346 1.585306 8.151788 1.528923 1.0
304 -1 Cyclist 0 0 1.727410 414.863470 159.410336 471.209561 279.603239 1.797546 0.595113 1.850258 -2.730455 1.608273 11.758601 1.503237 1.0
305 -1 Cyclist 0 0 1.913347 237.425751 163.228031 370.690558 351.341697 1.638075 0.570039 1.999707 -3.058711 1.567391 7.310492 1.528923 1.0
305 -1 Cyclist 0 0 1.728646 397.226021 157.586046 459.758333 291.030263 1.797546 0.595113 1.850258 -2.694282 1.603442 10.685564 1.486506 1.0
306 -1 Cyclist 0 0 1.952314 184.048571 159.406751 346.595480 374.000000 1.638075 0.570039 1.999707 -3.030075 1.549476 6.469196 1.528923 1.0
306 -1 Cyclist 0 0 1.733563 375.226398 155.317354 445.981138 305.293672 1.797546 0.595113 1.850258 -2.658108 1.598612 9.612527 1.469775 1.0
307 -1 Cyclist 0 0 2.000969 110.676505 158.151748 315.972261 374.000000 1.638075 0.570039 1.999707 -3.005164 1.557057 5.627467 1.528923 1.0
307 -1 Cyclist 0 0 1.743391 347.014573 152.419252 429.091225 323.599113 1.797546 0.595113 1.850258 -2.621935 1.593782 8.539490 1.453044 1.0
308 -1 Cyclist 0 0 2.062186 4.754796 156.343464 276.459549 374.000000 1.638075 0.570039 1.999707 -2.980253 1.564639 4.785738 1.528923 1.0
308 -1 Cyclist 0 0 1.756026 313.485173 149.217512 410.695049 347.851744 1.797546 0.595113 1.850258 -2.559794 1.593933 7.490588 1.436313 1.0
309 -1 Cyclist 1 0 2.140855 0.000000 154.303144 223.386719 374.000000 1.638075 0.570039 1.999707 -2.955342 1.572220 3.944009 1.528923 1.0
309 -1 Cyclist 0 0 1.776960 267.161925 144.824525 387.088800 374.000000 1.797546 0.595113 1.850258 -2.497654 1.594085 6.441687 1.419581 1.0
310 -1 Cyclist 1 0 2.244133 0.000000 158.337368 148.650814 374.000000 1.638075 0.570039 1.999707 -2.930431 1.579801 3.102280 1.528923 1.0
310 -1 Cyclist 0 0 1.810119 198.987354 138.423090 355.697830 374.000000 1.797546 0.595113 1.850258 -2.435514 1.594237 5.392786 1.402850 1.0
311 -1 Cyclist 0 0 1.859610 93.835834 127.107770 313.246529 374.000000 1.797546 0.595113 1.850258 -2.381441 1.587971 4.388950 1.386119 1.0
312 -1 Cyclist 1 0 1.936993 0.000000 107.195102 251.115306 374.000000 1.797546 0.595113 1.850258 -2.327369 1.581705 3.385113 1.369388 1.0
313 -1 Cyclist 1 0 2.061194 0.000000 99.507297 151.976903 374.000000 1.797546 0.595113 1.850258 -2.273296 1.575439 2.381277 1.352657 1.0
326 -1 Cyclist 0 0 1.872514 846.301169 178.384812 877.865919 227.827643 1.405707 0.497927 1.317099 7.401964 1.574213 21.265779 2.202550 1.0
327 -1 Cyclist 0 0 1.844138 852.169783 178.403952 883.902643 229.942834 1.405707 0.497927 1.317099 7.277920 1.568226 20.428640 2.181196 1.0
328 -1 Cyclist 0 0 1.815211 858.565427 178.424753 890.430061 232.245301 1.405707 0.497927 1.317099 7.153875 1.562239 19.591500 2.159841 1.0
329 -1 Cyclist 0 0 1.785664 865.560871 178.447426 897.511900 234.761063 1.405707 0.497927 1.317099 7.029831 1.556252 18.754361 2.138487 1.0
330 -1 Cyclist 0 0 1.755420 873.242958 178.472223 905.223390 237.521196 1.405707 0.497927 1.317099 6.905786 1.550265 17.917222 2.117132 1.0
331 -1 Cyclist 0 0 1.749231 879.690051 178.602462 912.891504 240.488892 1.405707 0.497927 1.317099 6.768555 1.547318 17.129780 2.118996 1.0
331 -1 Cyclist 0 0 2.048860 907.402418 169.633420 961.785144 233.514322 1.575160 0.538870 1.703703 8.312514 1.498416 18.529787 2.464052 1.0
332 -1 Cyclist 0 0 1.742445 886.679676 178.745332 921.188868 243.751205 1.405707 0.497927 1.317099 6.629642 1.544389 16.343370 2.120859 1.0
332 -1 Cyclist 0 0 1.960003 915.760505 169.934156 967.348055 236.764743 1.575160 0.538870 1.703703 8.149251 1.510063 17.782406 2.382866 1.0
333 -1 Cyclist 0 0 1.734642 894.593399 178.901445 930.496592 247.367116 1.405707 0.497927 1.317099 6.494092 1.541424 15.554897 2.122723 1.0
333 -1 Cyclist 0 0 1.870544 925.119496 170.265850 973.179122 240.309478 1.575160 0.538870 1.703703 7.985987 1.521709 17.035026 2.301679 1.0
334 -1 Cyclist 0 0 1.726034 903.269771 179.074181 940.668968 251.383072 1.405707 0.497927 1.317099 6.356861 1.538477 14.767456 2.124587 1.0
334 -1 Cyclist 0 0 1.780411 935.610065 170.633200 979.332702 244.188884 1.575160 0.538870 1.703703 7.822724 1.533356 16.287646 2.220493 1.0
335 -1 Cyclist 0 0 1.716377 912.951875 179.265800 951.954435 255.874687 1.405707 0.497927 1.317099 6.219629 1.535530 13.980014 2.126450 1.0
335 -1 Cyclist 0 0 1.689519 947.387489 171.041784 985.874413 248.451083 1.575160 0.538870 1.703703 7.659460 1.545002 15.540266 2.139306 1.0
336 -1 Cyclist 0 0 1.666528 925.626744 177.908122 963.517847 259.487273 1.405707 0.497927 1.317099 6.070003 1.502341 13.151215 2.089746 1.0
336 -1 Cyclist 0 0 1.664903 959.022217 169.433248 997.526904 251.173893 1.575160 0.538870 1.703703 7.514393 1.516069 14.764842 2.126998 1.0
337 -1 Cyclist 0 0 1.615137 940.142219 176.376844 976.518985 263.610969 1.405707 0.497927 1.317099 5.920376 1.469153 12.322415 2.053042 1.0
337 -1 Cyclist 0 0 1.639124 972.019277 167.634293 1010.402622 254.218859 1.575160 0.538870 1.703703 7.369326 1.487137 13.989417 2.114690 1.0
338 -1 Cyclist 0 0 1.560967 957.525217 176.343586 996.225229 270.142587 1.405707 0.497927 1.317099 5.793827 1.464980 11.511345 2.016339 1.0
338 -1 Cyclist 0 1 1.612014 986.631799 165.609023 1024.705689 257.646792 1.575160 0.538870 1.703703 7.224259 1.458204 13.213993 2.102382 1.0
339 -1 Cyclist 0 0 1.504582 972.560803 176.305248 1020.381998 277.728043 1.405707 0.497927 1.317099 5.667278 1.460807 10.700275 1.979635 1.0
339 -1 Cyclist 0 1 1.583375 1003.179779 163.311917 1043.053149 261.534838 1.575160 0.538870 1.703703 7.079191 1.429272 12.438569 2.090074 1.0
